4.000000e-01 1.250000e+00 1.222000e-03 7.330650e-04 4.090410e-04
4.000000e-01 1.275000e+00 1.254560e-03 7.676610e-04 4.447230e-04
4.000000e-01 1.300000e+00 1.286260e-03 8.014100e-04 4.796280e-04
4.000000e-01 1.325000e+00 1.317270e-03 8.344520e-04 5.136800e-04
4.000000e-01 1.350000e+00 1.347520e-03 8.667210e-04 5.470240e-04
4.000000e-01 1.375000e+00 1.377090e-03 8.982780e-04 5.796800e-04
4.000000e-01 1.400000e+00 1.406000e-03 9.291960e-04 6.116700e-04
4.000000e-01 1.425000e+00 1.434240e-03 9.594170e-04 6.429410e-04
4.000000e-01 1.450000e+00 1.461880e-03 9.890000e-04 6.735760e-04
4.000000e-01 1.475000e+00 1.488900e-03 1.018000e-03 7.036120e-04
4.000000e-01 1.500000e+00 1.515350e-03 1.046420e-03 7.330650e-04
4.000000e-01 1.525000e+00 1.541240e-03 1.074220e-03 7.619550e-04
4.000000e-01 1.550000e+00 1.566590e-03 1.101490e-03 7.902810e-04
4.000000e-01 1.575000e+00 1.591420e-03 1.128250e-03 8.180320e-04
4.000000e-01 1.600000e+00 1.615730e-03 1.154480e-03 8.452730e-04
4.000000e-01 1.625000e+00 1.639580e-03 1.180190e-03 8.720170e-04
4.000000e-01 1.650000e+00 1.662910e-03 1.205430e-03 8.982780e-04
4.000000e-01 1.675000e+00 1.685830e-03 1.230210e-03 9.240710e-04
4.000000e-01 1.700000e+00 1.708270e-03 1.254560e-03 9.494080e-04
4.000000e-01 1.725000e+00 1.730290e-03 1.278410e-03 9.743020e-04
4.000000e-01 1.750000e+00 1.751910e-03 1.301850e-03 9.987650e-04
4.000000e-01 1.775000e+00 1.773090e-03 1.324880e-03 1.022800e-03
4.000000e-01 1.800000e+00 1.793900e-03 1.347520e-03 1.046420e-03
4.000000e-01 1.825000e+00 1.814320e-03 1.369780e-03 1.069640e-03
4.000000e-01 1.850000e+00 1.834360e-03 1.391650e-03 1.092470e-03
4.000000e-01 1.875000e+00 1.854060e-03 1.413120e-03 1.114940e-03
4.000000e-01 1.900000e+00 1.873400e-03 1.434240e-03 1.137040e-03
4.000000e-01 1.925000e+00 1.892390e-03 1.455010e-03 1.158780e-03
4.000000e-01 1.950000e+00 1.911060e-03 1.475450e-03 1.180190e-03
4.000000e-01 1.975000e+00 1.929410e-03 1.495560e-03 1.201260e-03
4.000000e-01 2.000000e+00 1.947430e-03 1.515350e-03 1.222000e-03
4.000000e-01 2.025000e+00 1.965150e-03 1.534830e-03 1.242420e-03
4.000000e-01 2.050000e+00 1.982590e-03 1.554000e-03 1.262530e-03
4.000000e-01 2.075000e+00 1.999710e-03 1.572850e-03 1.282340e-03
4.000000e-01 2.100000e+00 2.016550e-03 1.591420e-03 1.301850e-03
4.000000e-01 2.125000e+00 2.033140e-03 1.609700e-03 1.321080e-03
4.000000e-01 2.150000e+00 2.049440e-03 1.627700e-03 1.340020e-03
4.000000e-01 2.175000e+00 2.065470e-03 1.645440e-03 1.358690e-03
4.000000e-01 2.200000e+00 2.081260e-03 1.662910e-03 1.377090e-03
4.000000e-01 2.225000e+00 2.096800e-03 1.680130e-03 1.395230e-03
4.000000e-01 2.250000e+00 2.112090e-03 1.697090e-03 1.413120e-03
4.000000e-01 2.275000e+00 2.127130e-03 1.713810e-03 1.430760e-03
4.000000e-01 2.300000e+00 2.141950e-03 1.730290e-03 1.448150e-03
4.000000e-01 2.325000e+00 2.156550e-03 1.746530e-03 1.465310e-03
4.000000e-01 2.350000e+00 2.170930e-03 1.762540e-03 1.482220e-03
4.000000e-01 2.375000e+00 2.185070e-03 1.778330e-03 1.498900e-03
4.000000e-01 2.400000e+00 2.199000e-03 1.793900e-03 1.515350e-03
4.000000e-01 2.425000e+00 2.212730e-03 1.809250e-03 1.531590e-03
4.000000e-01 2.450000e+00 2.226270e-03 1.824390e-03 1.547620e-03
4.000000e-01 2.475000e+00 2.239600e-03 1.839330e-03 1.563440e-03
4.000000e-01 2.500000e+00 2.252720e-03 1.854060e-03 1.579060e-03
4.200000e-01 1.250000e+00 1.211350e-03 7.275350e-04 4.062130e-04
4.200000e-01 1.275000e+00 1.243490e-03 7.617800e-04 4.416240e-04
4.200000e-01 1.300000e+00 1.274860e-03 7.952350e-04 4.762350e-04
4.200000e-01 1.325000e+00 1.305440e-03 8.279750e-04 5.100190e-04
4.200000e-01 1.350000e+00 1.335350e-03 8.598990e-04 5.430960e-04
4.200000e-01 1.375000e+00 1.364520e-03 8.911680e-04 5.754890e-04
4.200000e-01 1.400000e+00 1.393050e-03 9.217690e-04 6.071950e-04
4.200000e-01 1.425000e+00 1.420920e-03 9.516630e-04 6.381860e-04
4.200000e-01 1.450000e+00 1.448170e-03 9.809620e-04 6.685610e-04
4.200000e-01 1.475000e+00 1.474830e-03 1.009670e-03 6.983380e-04
4.200000e-01 1.500000e+00 1.500910e-03 1.037730e-03 7.275350e-04
4.200000e-01 1.525000e+00 1.526430e-03 1.065260e-03 7.561610e-04
4.200000e-01 1.550000e+00 1.551420e-03 1.092250e-03 7.841820e-04
4.200000e-01 1.575000e+00 1.575880e-03 1.118690e-03 8.116790e-04
4.200000e-01 1.600000e+00 1.599850e-03 1.144600e-03 8.386660e-04
4.200000e-01 1.625000e+00 1.623310e-03 1.170030e-03 8.651580e-04
4.200000e-01 1.650000e+00 1.646330e-03 1.195000e-03 8.911680e-04
4.200000e-01 1.675000e+00 1.668850e-03 1.219480e-03 9.167100e-04
4.200000e-01 1.700000e+00 1.690970e-03 1.243490e-03 9.417980e-04
4.200000e-01 1.725000e+00 1.712630e-03 1.267070e-03 9.664190e-04
4.200000e-01 1.750000e+00 1.733890e-03 1.290240e-03 9.906020e-04
4.200000e-01 1.775000e+00 1.754750e-03 1.313000e-03 1.014370e-03
4.200000e-01 1.800000e+00 1.775200e-03 1.335350e-03 1.037730e-03
4.200000e-01 1.825000e+00 1.795290e-03 1.357290e-03 1.060710e-03
4.200000e-01 1.850000e+00 1.815000e-03 1.378860e-03 1.083300e-03
4.200000e-01 1.875000e+00 1.834340e-03 1.400060e-03 1.105510e-03
4.200000e-01 1.900000e+00 1.853360e-03 1.420920e-03 1.127370e-03
4.200000e-01 1.925000e+00 1.872010e-03 1.441430e-03 1.148870e-03
4.200000e-01 1.950000e+00 1.890340e-03 1.461600e-03 1.170030e-03
4.200000e-01 1.975000e+00 1.908370e-03 1.481410e-03 1.190860e-03
4.200000e-01 2.000000e+00 1.926060e-03 1.500910e-03 1.211350e-03
4.200000e-01 2.025000e+00 1.943450e-03 1.520100e-03 1.231530e-03
4.200000e-01 2.050000e+00 1.960550e-03 1.538980e-03 1.251400e-03
4.200000e-01 2.075000e+00 1.977360e-03 1.557580e-03 1.270970e-03
4.200000e-01 2.100000e+00 1.993880e-03 1.575880e-03 1.290240e-03
4.200000e-01 2.125000e+00 2.010140e-03 1.593900e-03 1.309220e-03
4.200000e-01 2.150000e+00 2.026140e-03 1.611650e-03 1.327930e-03
4.200000e-01 2.175000e+00 2.041850e-03 1.629120e-03 1.346350e-03
4.200000e-01 2.200000e+00 2.057310e-03 1.646330e-03 1.364520e-03
4.200000e-01 2.225000e+00 2.072540e-03 1.663270e-03 1.382420e-03
4.200000e-01 2.250000e+00 2.087520e-03 1.679970e-03 1.400060e-03
4.200000e-01 2.275000e+00 2.102250e-03 1.696420e-03 1.417460e-03
4.200000e-01 2.300000e+00 2.116760e-03 1.712630e-03 1.434610e-03
4.200000e-01 2.325000e+00 2.131050e-03 1.728610e-03 1.451530e-03
4.200000e-01 2.350000e+00 2.145120e-03 1.744360e-03 1.468210e-03
4.200000e-01 2.375000e+00 2.158950e-03 1.759890e-03 1.484670e-03
4.200000e-01 2.400000e+00 2.172590e-03 1.775200e-03 1.500910e-03
4.200000e-01 2.425000e+00 2.186020e-03 1.790290e-03 1.516930e-03
4.200000e-01 2.450000e+00 2.199250e-03 1.805180e-03 1.532740e-03
4.200000e-01 2.475000e+00 2.212270e-03 1.819860e-03 1.548340e-03
4.200000e-01 2.500000e+00 2.225100e-03 1.834340e-03 1.563730e-03
4.400000e-01 1.250000e+00 1.200870e-03 7.220660e-04 4.034130e-04
4.400000e-01 1.275000e+00 1.232590e-03 7.559700e-04 4.385520e-04
4.400000e-01 1.300000e+00 1.263570e-03 7.891310e-04 4.728800e-04
4.400000e-01 1.325000e+00 1.293800e-03 8.215280e-04 5.063970e-04
4.400000e-01 1.350000e+00 1.323290e-03 8.531630e-04 5.392100e-04
4.400000e-01 1.375000e+00 1.352130e-03 8.841450e-04 5.713400e-04
4.400000e-01 1.400000e+00 1.380250e-03 9.144000e-04 6.027550e-04
4.400000e-01 1.425000e+00 1.407770e-03 9.440110e-04 6.334860e-04
4.400000e-01 1.450000e+00 1.434650e-03 9.730290e-04 6.636030e-04
4.400000e-01 1.475000e+00 1.460950e-03 1.001390e-03 6.931230e-04
4.400000e-01 1.500000e+00 1.486660e-03 1.029170e-03 7.220660e-04
4.400000e-01 1.525000e+00 1.511830e-03 1.056420e-03 7.503920e-04
4.400000e-01 1.550000e+00 1.536450e-03 1.083100e-03 7.781600e-04
4.400000e-01 1.575000e+00 1.560570e-03 1.109230e-03 8.054050e-04
4.400000e-01 1.600000e+00 1.584160e-03 1.134860e-03 8.321410e-04
4.400000e-01 1.625000e+00 1.607300e-03 1.160020e-03 8.583830e-04
4.400000e-01 1.650000e+00 1.629940e-03 1.184670e-03 8.841450e-04
4.400000e-01 1.675000e+00 1.652160e-03 1.208850e-03 9.094300e-04
4.400000e-01 1.700000e+00 1.673890e-03 1.232590e-03 9.342290e-04
4.400000e-01 1.725000e+00 1.695230e-03 1.255900e-03 9.585920e-04
4.400000e-01 1.750000e+00 1.716140e-03 1.278790e-03 9.825290e-04
4.400000e-01 1.775000e+00 1.736650e-03 1.301230e-03 1.006050e-03
4.400000e-01 1.800000e+00 1.756790e-03 1.323290e-03 1.029170e-03
4.400000e-01 1.825000e+00 1.776520e-03 1.344960e-03 1.051900e-03
4.400000e-01 1.850000e+00 1.795910e-03 1.366270e-03 1.074250e-03
4.400000e-01 1.875000e+00 1.814930e-03 1.387210e-03 1.096230e-03
4.400000e-01 1.900000e+00 1.833590e-03 1.407770e-03 1.117840e-03
4.400000e-01 1.925000e+00 1.851950e-03 1.427990e-03 1.139100e-03
4.400000e-01 1.950000e+00 1.869940e-03 1.447870e-03 1.160020e-03
4.400000e-01 1.975000e+00 1.887630e-03 1.467420e-03 1.180610e-03
4.400000e-01 2.000000e+00 1.905020e-03 1.486660e-03 1.200870e-03
4.400000e-01 2.025000e+00 1.922080e-03 1.505590e-03 1.220810e-03
4.400000e-01 2.050000e+00 1.938860e-03 1.524220e-03 1.240430e-03
4.400000e-01 2.075000e+00 1.955360e-03 1.542540e-03 1.259760e-03
4.400000e-01 2.100000e+00 1.971560e-03 1.560570e-03 1.278790e-03
4.400000e-01 2.125000e+00 1.987500e-03 1.578310e-03 1.297540e-03
4.400000e-01 2.150000e+00 2.003180e-03 1.595780e-03 1.316010e-03
4.400000e-01 2.175000e+00 2.018600e-03 1.612990e-03 1.334200e-03
4.400000e-01 2.200000e+00 2.033750e-03 1.629940e-03 1.352130e-03
4.400000e-01 2.225000e+00 2.048660e-03 1.646630e-03 1.369800e-03
4.400000e-01 2.250000e+00 2.063350e-03 1.663070e-03 1.387210e-03
4.400000e-01 2.275000e+00 2.077770e-03 1.679270e-03 1.404380e-03
4.400000e-01 2.300000e+00 2.091970e-03 1.695230e-03 1.421300e-03
4.400000e-01 2.325000e+00 2.105960e-03 1.710960e-03 1.437980e-03
4.400000e-01 2.350000e+00 2.119730e-03 1.726460e-03 1.454430e-03
4.400000e-01 2.375000e+00 2.133260e-03 1.741740e-03 1.470660e-03
4.400000e-01 2.400000e+00 2.146600e-03 1.756790e-03 1.486660e-03
4.400000e-01 2.425000e+00 2.159740e-03 1.771630e-03 1.502450e-03
4.400000e-01 2.450000e+00 2.172670e-03 1.786260e-03 1.518030e-03
4.400000e-01 2.475000e+00 2.185400e-03 1.800690e-03 1.533400e-03
4.400000e-01 2.500000e+00 2.197940e-03 1.814930e-03 1.548560e-03
4.600000e-01 1.250000e+00 1.190450e-03 7.166290e-04 4.006350e-04
4.600000e-01 1.275000e+00 1.221840e-03 7.502230e-04 4.355070e-04
4.600000e-01 1.300000e+00 1.252410e-03 7.830960e-04 4.695550e-04
4.600000e-01 1.325000e+00 1.282280e-03 8.151540e-04 5.028080e-04
4.600000e-01 1.350000e+00 1.311410e-03 8.465050e-04 5.353590e-04
4.600000e-01 1.375000e+00 1.339850e-03 8.771820e-04 5.672300e-04
4.600000e-01 1.400000e+00 1.367650e-03 9.071200e-04 5.983580e-04
4.600000e-01 1.425000e+00 1.394770e-03 9.364520e-04 6.288330e-04
4.600000e-01 1.450000e+00 1.421320e-03 9.651550e-04 6.586950e-04
4.600000e-01 1.475000e+00 1.447240e-03 9.932130e-04 6.879630e-04
4.600000e-01 1.500000e+00 1.472610e-03 1.020720e-03 7.166290e-04
4.600000e-01 1.525000e+00 1.497410e-03 1.047670e-03 7.446850e-04
4.600000e-01 1.550000e+00 1.521690e-03 1.074030e-03 7.722040e-04
4.600000e-01 1.575000e+00 1.545440e-03 1.099890e-03 7.992010e-04
4.600000e-01 1.600000e+00 1.568710e-03 1.125260e-03 8.256900e-04
4.600000e-01 1.625000e+00 1.591480e-03 1.150100e-03 8.516870e-04
4.600000e-01 1.650000e+00 1.613800e-03 1.174450e-03 8.771820e-04
4.600000e-01 1.675000e+00 1.635640e-03 1.198360e-03 9.021860e-04
4.600000e-01 1.700000e+00 1.657090e-03 1.221840e-03 9.267420e-04
4.600000e-01 1.725000e+00 1.678050e-03 1.244850e-03 9.508620e-04
4.600000e-01 1.750000e+00 1.698650e-03 1.267430e-03 9.745570e-04
4.600000e-01 1.775000e+00 1.718820e-03 1.289610e-03 9.978400e-04
4.600000e-01 1.800000e+00 1.738620e-03 1.311410e-03 1.020720e-03
4.600000e-01 1.825000e+00 1.758040e-03 1.332830e-03 1.043210e-03
4.600000e-01 1.850000e+00 1.777080e-03 1.353830e-03 1.065320e-03
4.600000e-01 1.875000e+00 1.795790e-03 1.374470e-03 1.087060e-03
4.600000e-01 1.900000e+00 1.814130e-03 1.394770e-03 1.108420e-03
4.600000e-01 1.925000e+00 1.832140e-03 1.414730e-03 1.129430e-03
4.600000e-01 1.950000e+00 1.849850e-03 1.434350e-03 1.150100e-03
4.600000e-01 1.975000e+00 1.867200e-03 1.453660e-03 1.170430e-03
4.600000e-01 2.000000e+00 1.884270e-03 1.472610e-03 1.190450e-03
4.600000e-01 2.025000e+00 1.901040e-03 1.491260e-03 1.210150e-03
4.600000e-01 2.050000e+00 1.917490e-03 1.509610e-03 1.229540e-03
4.600000e-01 2.075000e+00 1.933680e-03 1.527670e-03 1.248630e-03
4.600000e-01 2.100000e+00 1.949590e-03 1.545440e-03 1.267430e-03
4.600000e-01 2.125000e+00 1.965210e-03 1.562940e-03 1.285940e-03
4.600000e-01 2.150000e+00 1.980580e-03 1.580160e-03 1.304180e-03
4.600000e-01 2.175000e+00 1.995700e-03 1.597120e-03 1.322150e-03
4.600000e-01 2.200000e+00 2.010540e-03 1.613800e-03 1.339850e-03
4.600000e-01 2.225000e+00 2.025150e-03 1.630230e-03 1.357290e-03
4.600000e-01 2.250000e+00 2.039530e-03 1.646410e-03 1.374470e-03
4.600000e-01 2.275000e+00 2.053660e-03 1.662350e-03 1.391420e-03
4.600000e-01 2.300000e+00 2.067570e-03 1.678050e-03 1.408120e-03
4.600000e-01 2.325000e+00 2.081260e-03 1.693530e-03 1.424580e-03
4.600000e-01 2.350000e+00 2.094730e-03 1.708780e-03 1.440810e-03
4.600000e-01 2.375000e+00 2.107970e-03 1.723800e-03 1.456820e-03
4.600000e-01 2.400000e+00 2.121020e-03 1.738620e-03 1.472610e-03
4.600000e-01 2.425000e+00 2.133870e-03 1.753220e-03 1.488180e-03
4.600000e-01 2.450000e+00 2.146510e-03 1.767610e-03 1.503550e-03
4.600000e-01 2.475000e+00 2.158950e-03 1.781800e-03 1.518700e-03
4.600000e-01 2.500000e+00 2.171200e-03 1.795790e-03 1.533640e-03
4.800000e-01 1.250000e+00 1.180170e-03 7.112350e-04 3.978810e-04
4.800000e-01 1.275000e+00 1.211180e-03 7.445390e-04 4.324870e-04
4.800000e-01 1.300000e+00 1.241410e-03 7.771180e-04 4.662610e-04
4.800000e-01 1.325000e+00 1.270880e-03 8.088540e-04 4.992520e-04
4.800000e-01 1.350000e+00 1.299670e-03 8.399230e-04 5.315430e-04
4.800000e-01 1.375000e+00 1.327740e-03 8.702670e-04 5.631570e-04
4.800000e-01 1.400000e+00 1.355160e-03 8.999270e-04 5.940060e-04
4.800000e-01 1.425000e+00 1.381970e-03 9.289830e-04 6.242270e-04
4.800000e-01 1.450000e+00 1.408120e-03 9.573530e-04 6.538360e-04
4.800000e-01 1.475000e+00 1.433730e-03 9.851390e-04 6.828540e-04
4.800000e-01 1.500000e+00 1.458720e-03 1.012380e-03 7.112350e-04
4.800000e-01 1.525000e+00 1.483200e-03 1.038990e-03 7.390430e-04
4.800000e-01 1.550000e+00 1.507110e-03 1.065080e-03 7.663140e-04
4.800000e-01 1.575000e+00 1.530540e-03 1.090670e-03 7.930660e-04
4.800000e-01 1.600000e+00 1.553440e-03 1.115730e-03 8.193120e-04
4.800000e-01 1.625000e+00 1.575890e-03 1.140280e-03 8.450450e-04
4.800000e-01 1.650000e+00 1.597850e-03 1.164370e-03 8.702670e-04
4.800000e-01 1.675000e+00 1.619390e-03 1.188020e-03 8.950300e-04
4.800000e-01 1.700000e+00 1.640460e-03 1.211180e-03 9.193460e-04
4.800000e-01 1.725000e+00 1.661150e-03 1.233910e-03 9.432270e-04
4.800000e-01 1.750000e+00 1.681380e-03 1.256230e-03 9.666840e-04
4.800000e-01 1.775000e+00 1.701250e-03 1.278160e-03 9.897300e-04
4.800000e-01 1.800000e+00 1.720710e-03 1.299670e-03 1.012380e-03
4.800000e-01 1.825000e+00 1.739800e-03 1.320780e-03 1.034610e-03
4.800000e-01 1.850000e+00 1.758540e-03 1.341530e-03 1.056460e-03
4.800000e-01 1.875000e+00 1.776910e-03 1.361920e-03 1.077940e-03
4.800000e-01 1.900000e+00 1.794960e-03 1.381970e-03 1.099070e-03
4.800000e-01 1.925000e+00 1.812640e-03 1.401660e-03 1.119840e-03
4.800000e-01 1.950000e+00 1.830020e-03 1.420990e-03 1.140280e-03
4.800000e-01 1.975000e+00 1.847090e-03 1.440010e-03 1.160380e-03
4.800000e-01 2.000000e+00 1.863820e-03 1.458720e-03 1.180170e-03
4.800000e-01 2.025000e+00 1.880290e-03 1.477120e-03 1.199640e-03
4.800000e-01 2.050000e+00 1.896440e-03 1.495220e-03 1.218800e-03
4.800000e-01 2.075000e+00 1.912310e-03 1.513040e-03 1.237660e-03
4.800000e-01 2.100000e+00 1.927920e-03 1.530540e-03 1.256230e-03
4.800000e-01 2.125000e+00 1.943250e-03 1.547760e-03 1.274520e-03
4.800000e-01 2.150000e+00 1.958310e-03 1.564720e-03 1.292530e-03
4.800000e-01 2.175000e+00 1.973130e-03 1.581420e-03 1.310270e-03
4.800000e-01 2.200000e+00 1.987680e-03 1.597850e-03 1.327740e-03
4.800000e-01 2.225000e+00 2.001990e-03 1.614040e-03 1.344960e-03
4.800000e-01 2.250000e+00 2.016080e-03 1.629980e-03 1.361920e-03
4.800000e-01 2.275000e+00 2.029920e-03 1.645680e-03 1.378640e-03
4.800000e-01 2.300000e+00 2.043530e-03 1.661150e-03 1.395110e-03
4.800000e-01 2.325000e+00 2.056930e-03 1.676370e-03 1.411350e-03
4.800000e-01 2.350000e+00 2.070110e-03 1.691370e-03 1.427360e-03
4.800000e-01 2.375000e+00 2.083070e-03 1.706140e-03 1.443150e-03
4.800000e-01 2.400000e+00 2.095830e-03 1.720710e-03 1.458720e-03
4.800000e-01 2.425000e+00 2.108390e-03 1.735060e-03 1.474070e-03
4.800000e-01 2.450000e+00 2.120740e-03 1.749210e-03 1.489210e-03
4.800000e-01 2.475000e+00 2.132900e-03 1.763160e-03 1.504140e-03
4.800000e-01 2.500000e+00 2.144880e-03 1.776910e-03 1.518880e-03
5.000000e-01 1.250000e+00 1.170030e-03 7.058970e-04 3.951490e-04
5.000000e-01 1.275000e+00 1.200650e-03 7.389130e-04 4.294890e-04
5.000000e-01 1.300000e+00 1.230530e-03 7.711690e-04 4.629980e-04
5.000000e-01 1.325000e+00 1.259650e-03 8.026220e-04 4.957270e-04
5.000000e-01 1.350000e+00 1.288050e-03 8.334100e-04 5.277600e-04
5.000000e-01 1.375000e+00 1.315800e-03 8.634320e-04 5.591030e-04
5.000000e-01 1.400000e+00 1.342850e-03 8.928160e-04 5.896970e-04
5.000000e-01 1.425000e+00 1.369290e-03 9.215660e-04 6.196640e-04
5.000000e-01 1.450000e+00 1.395120e-03 9.496440e-04 6.490230e-04
5.000000e-01 1.475000e+00 1.420340e-03 9.771600e-04 6.777860e-04
5.000000e-01 1.500000e+00 1.445040e-03 1.004090e-03 7.058970e-04
5.000000e-01 1.525000e+00 1.469130e-03 1.030420e-03 7.334590e-04
5.000000e-01 1.550000e+00 1.492740e-03 1.056250e-03 7.604860e-04
5.000000e-01 1.575000e+00 1.515800e-03 1.081550e-03 7.869950e-04
5.000000e-01 1.600000e+00 1.538400e-03 1.106300e-03 8.129960e-04
5.000000e-01 1.625000e+00 1.560490e-03 1.130590e-03 8.384500e-04
5.000000e-01 1.650000e+00 1.582150e-03 1.154430e-03 8.634320e-04
5.000000e-01 1.675000e+00 1.603330e-03 1.177760e-03 8.879570e-04
5.000000e-01 1.700000e+00 1.624100e-03 1.200650e-03 9.120350e-04
5.000000e-01 1.725000e+00 1.644420e-03 1.223120e-03 9.356800e-04
5.000000e-01 1.750000e+00 1.664380e-03 1.245190e-03 9.589040e-04
5.000000e-01 1.775000e+00 1.683890e-03 1.266820e-03 9.817080e-04
5.000000e-01 1.800000e+00 1.703050e-03 1.288050e-03 1.004090e-03
5.000000e-01 1.825000e+00 1.721820e-03 1.308910e-03 1.026080e-03
5.000000e-01 1.850000e+00 1.740240e-03 1.329410e-03 1.047690e-03
5.000000e-01 1.875000e+00 1.758300e-03 1.349540e-03 1.068940e-03
5.000000e-01 1.900000e+00 1.776020e-03 1.369290e-03 1.089840e-03
5.000000e-01 1.925000e+00 1.793430e-03 1.388710e-03 1.110380e-03
5.000000e-01 1.950000e+00 1.810480e-03 1.407800e-03 1.130590e-03
5.000000e-01 1.975000e+00 1.827240e-03 1.426570e-03 1.150470e-03
5.000000e-01 2.000000e+00 1.843680e-03 1.445040e-03 1.170030e-03
5.000000e-01 2.025000e+00 1.859830e-03 1.463170e-03 1.189270e-03
5.000000e-01 2.050000e+00 1.875700e-03 1.481000e-03 1.208210e-03
5.000000e-01 2.075000e+00 1.891260e-03 1.498540e-03 1.226850e-03
5.000000e-01 2.100000e+00 1.906560e-03 1.515800e-03 1.245190e-03
5.000000e-01 2.125000e+00 1.921610e-03 1.532790e-03 1.263260e-03
5.000000e-01 2.150000e+00 1.936370e-03 1.549510e-03 1.281040e-03
5.000000e-01 2.175000e+00 1.950890e-03 1.565970e-03 1.298550e-03
5.000000e-01 2.200000e+00 1.965160e-03 1.582150e-03 1.315800e-03
5.000000e-01 2.225000e+00 1.979170e-03 1.598070e-03 1.332800e-03
5.000000e-01 2.250000e+00 1.992970e-03 1.613760e-03 1.349540e-03
5.000000e-01 2.275000e+00 2.006530e-03 1.629210e-03 1.366040e-03
5.000000e-01 2.300000e+00 2.019850e-03 1.644420e-03 1.382290e-03
5.000000e-01 2.325000e+00 2.032960e-03 1.659410e-03 1.398320e-03
5.000000e-01 2.350000e+00 2.045860e-03 1.674170e-03 1.414110e-03
5.000000e-01 2.375000e+00 2.058530e-03 1.688720e-03 1.429690e-03
5.000000e-01 2.400000e+00 2.071010e-03 1.703050e-03 1.445040e-03
5.000000e-01 2.425000e+00 2.083300e-03 1.717180e-03 1.460170e-03
5.000000e-01 2.450000e+00 2.095360e-03 1.731090e-03 1.475100e-03
5.000000e-01 2.475000e+00 2.107250e-03 1.744790e-03 1.489810e-03
5.000000e-01 2.500000e+00 2.118950e-03 1.758300e-03 1.504330e-03
5.200000e-01 1.250000e+00 1.160010e-03 7.006120e-04 3.924370e-04
5.200000e-01 1.275000e+00 1.190260e-03 7.333410e-04 4.265120e-04
5.200000e-01 1.300000e+00 1.219750e-03 7.652820e-04 4.597610e-04
5.200000e-01 1.325000e+00 1.248540e-03 7.964540e-04 4.922300e-04
5.200000e-01 1.350000e+00 1.276590e-03 8.269440e-04 5.240060e-04
5.200000e-01 1.375000e+00 1.303960e-03 8.566710e-04 5.550850e-04
5.200000e-01 1.400000e+00 1.330710e-03 8.857820e-04 5.854260e-04
5.200000e-01 1.425000e+00 1.356770e-03 9.142140e-04 6.151420e-04
5.200000e-01 1.450000e+00 1.382260e-03 9.420230e-04 6.442530e-04
5.200000e-01 1.475000e+00 1.407150e-03 9.692720e-04 6.727460e-04
5.200000e-01 1.500000e+00 1.431480e-03 9.958790e-04 7.006120e-04
5.200000e-01 1.525000e+00 1.455280e-03 1.021950e-03 7.279300e-04
5.200000e-01 1.550000e+00 1.478510e-03 1.047510e-03 7.547150e-04
5.200000e-01 1.575000e+00 1.501290e-03 1.072500e-03 7.809840e-04
5.200000e-01 1.600000e+00 1.523520e-03 1.096990e-03 8.067100e-04
5.200000e-01 1.625000e+00 1.545310e-03 1.121030e-03 8.319250e-04
5.200000e-01 1.650000e+00 1.566610e-03 1.144550e-03 8.566710e-04
5.200000e-01 1.675000e+00 1.587500e-03 1.167620e-03 8.809600e-04
5.200000e-01 1.700000e+00 1.607920e-03 1.190260e-03 9.048050e-04
5.200000e-01 1.725000e+00 1.627960e-03 1.212480e-03 9.282180e-04
5.200000e-01 1.750000e+00 1.647550e-03 1.234240e-03 9.511900e-04
5.200000e-01 1.775000e+00 1.666790e-03 1.255600e-03 9.737320e-04
5.200000e-01 1.800000e+00 1.685610e-03 1.276590e-03 9.958790e-04
5.200000e-01 1.825000e+00 1.704090e-03 1.297200e-03 1.017640e-03
5.200000e-01 1.850000e+00 1.722180e-03 1.317410e-03 1.039030e-03
5.200000e-01 1.875000e+00 1.739950e-03 1.337260e-03 1.060050e-03
5.200000e-01 1.900000e+00 1.757360e-03 1.356770e-03 1.080720e-03
5.200000e-01 1.925000e+00 1.774440e-03 1.375950e-03 1.101040e-03
5.200000e-01 1.950000e+00 1.791220e-03 1.394800e-03 1.121030e-03
5.200000e-01 1.975000e+00 1.807660e-03 1.413290e-03 1.140680e-03
5.200000e-01 2.000000e+00 1.823820e-03 1.431480e-03 1.160010e-03
5.200000e-01 2.025000e+00 1.839660e-03 1.449360e-03 1.179010e-03
5.200000e-01 2.050000e+00 1.855220e-03 1.466960e-03 1.197710e-03
5.200000e-01 2.075000e+00 1.870510e-03 1.484260e-03 1.216120e-03
5.200000e-01 2.100000e+00 1.885510e-03 1.501290e-03 1.234240e-03
5.200000e-01 2.125000e+00 1.900260e-03 1.518010e-03 1.252070e-03
5.200000e-01 2.150000e+00 1.914740e-03 1.534470e-03 1.269630e-03
5.200000e-01 2.175000e+00 1.928960e-03 1.550670e-03 1.286930e-03
5.200000e-01 2.200000e+00 1.942950e-03 1.566610e-03 1.303960e-03
5.200000e-01 2.225000e+00 1.956680e-03 1.582310e-03 1.320740e-03
5.200000e-01 2.250000e+00 1.970180e-03 1.597760e-03 1.337260e-03
5.200000e-01 2.275000e+00 1.983460e-03 1.612980e-03 1.353540e-03
5.200000e-01 2.300000e+00 1.996500e-03 1.627960e-03 1.369590e-03
5.200000e-01 2.325000e+00 2.009330e-03 1.642700e-03 1.385390e-03
5.200000e-01 2.350000e+00 2.021950e-03 1.657210e-03 1.400980e-03
5.200000e-01 2.375000e+00 2.034350e-03 1.671520e-03 1.416340e-03
5.200000e-01 2.400000e+00 2.046550e-03 1.685610e-03 1.431480e-03
5.200000e-01 2.425000e+00 2.058560e-03 1.699490e-03 1.446410e-03
5.200000e-01 2.450000e+00 2.070350e-03 1.713180e-03 1.461120e-03
5.200000e-01 2.475000e+00 2.081960e-03 1.726660e-03 1.475640e-03
5.200000e-01 2.500000e+00 2.093390e-03 1.739950e-03 1.489960e-03
5.400000e-01 1.250000e+00 1.150050e-03 6.953760e-04 3.897420e-04
5.400000e-01 1.275000e+00 1.179990e-03 7.278190e-04 4.235530e-04
5.400000e-01 1.300000e+00 1.209120e-03 7.594530e-04 4.565500e-04
5.400000e-01 1.325000e+00 1.237530e-03 7.903450e-04 4.887600e-04
5.400000e-01 1.350000e+00 1.265270e-03 8.205270e-04 5.202800e-04
5.400000e-01 1.375000e+00 1.292280e-03 8.499790e-04 5.511020e-04
5.400000e-01 1.400000e+00 1.318660e-03 8.788180e-04 5.811910e-04
5.400000e-01 1.425000e+00 1.344420e-03 9.069420e-04 6.106580e-04
5.400000e-01 1.450000e+00 1.369550e-03 9.344830e-04 6.395220e-04
5.400000e-01 1.475000e+00 1.394120e-03 9.614330e-04 6.677540e-04
5.400000e-01 1.500000e+00 1.418110e-03 9.877660e-04 6.953760e-04
5.400000e-01 1.525000e+00 1.441560e-03 1.013580e-03 7.224510e-04
5.400000e-01 1.550000e+00 1.464500e-03 1.038840e-03 7.489970e-04
5.400000e-01 1.575000e+00 1.486900e-03 1.063550e-03 7.750260e-04
5.400000e-01 1.600000e+00 1.508860e-03 1.087790e-03 8.004880e-04
5.400000e-01 1.625000e+00 1.530290e-03 1.111540e-03 8.254670e-04
5.400000e-01 1.650000e+00 1.551300e-03 1.134790e-03 8.499790e-04
5.400000e-01 1.675000e+00 1.571840e-03 1.157600e-03 8.740360e-04
5.400000e-01 1.700000e+00 1.591980e-03 1.179990e-03 8.976490e-04
5.400000e-01 1.725000e+00 1.611670e-03 1.201910e-03 9.208150e-04
5.400000e-01 1.750000e+00 1.630980e-03 1.223410e-03 9.435330e-04
5.400000e-01 1.775000e+00 1.649880e-03 1.244530e-03 9.658460e-04
5.400000e-01 1.800000e+00 1.668420e-03 1.265270e-03 9.877660e-04
5.400000e-01 1.825000e+00 1.686570e-03 1.285590e-03 1.009300e-03
5.400000e-01 1.850000e+00 1.704390e-03 1.305540e-03 1.030470e-03
5.400000e-01 1.875000e+00 1.721820e-03 1.325150e-03 1.051260e-03
5.400000e-01 1.900000e+00 1.738950e-03 1.344420e-03 1.071710e-03
5.400000e-01 1.925000e+00 1.755730e-03 1.363330e-03 1.091810e-03
5.400000e-01 1.950000e+00 1.772200e-03 1.381900e-03 1.111540e-03
5.400000e-01 1.975000e+00 1.788350e-03 1.400160e-03 1.130960e-03
5.400000e-01 2.000000e+00 1.804200e-03 1.418110e-03 1.150050e-03
5.400000e-01 2.025000e+00 1.819770e-03 1.435760e-03 1.168840e-03
5.400000e-01 2.050000e+00 1.835030e-03 1.453100e-03 1.187320e-03
5.400000e-01 2.075000e+00 1.850030e-03 1.470140e-03 1.205510e-03
5.400000e-01 2.100000e+00 1.864740e-03 1.486900e-03 1.223410e-03
5.400000e-01 2.125000e+00 1.879200e-03 1.503400e-03 1.241030e-03
5.400000e-01 2.150000e+00 1.893400e-03 1.519620e-03 1.258380e-03
5.400000e-01 2.175000e+00 1.907330e-03 1.535600e-03 1.275460e-03
5.400000e-01 2.200000e+00 1.921040e-03 1.551300e-03 1.292280e-03
5.400000e-01 2.225000e+00 1.934490e-03 1.566750e-03 1.308840e-03
5.400000e-01 2.250000e+00 1.947710e-03 1.581950e-03 1.325150e-03
5.400000e-01 2.275000e+00 1.960720e-03 1.596930e-03 1.341220e-03
5.400000e-01 2.300000e+00 1.973480e-03 1.611670e-03 1.357050e-03
5.400000e-01 2.325000e+00 1.986030e-03 1.626180e-03 1.372650e-03
5.400000e-01 2.350000e+00 1.998380e-03 1.640480e-03 1.388030e-03
5.400000e-01 2.375000e+00 2.010500e-03 1.654560e-03 1.403180e-03
5.400000e-01 2.400000e+00 2.022430e-03 1.668420e-03 1.418110e-03
5.400000e-01 2.425000e+00 2.034160e-03 1.682070e-03 1.432830e-03
5.400000e-01 2.450000e+00 2.045680e-03 1.695520e-03 1.447340e-03
5.400000e-01 2.475000e+00 2.057030e-03 1.708770e-03 1.461650e-03
5.400000e-01 2.500000e+00 2.068190e-03 1.721820e-03 1.475760e-03
5.600000e-01 1.250000e+00 1.140220e-03 6.901860e-04 3.870650e-04
5.600000e-01 1.275000e+00 1.169800e-03 7.223470e-04 4.206150e-04
5.600000e-01 1.300000e+00 1.198610e-03 7.536790e-04 4.533620e-04
5.600000e-01 1.325000e+00 1.226670e-03 7.842940e-04 4.853150e-04
5.600000e-01 1.350000e+00 1.254040e-03 8.141720e-04 5.165810e-04
5.600000e-01 1.375000e+00 1.280750e-03 8.433540e-04 5.471500e-04
5.600000e-01 1.400000e+00 1.306770e-03 8.718980e-04 5.769900e-04
5.600000e-01 1.425000e+00 1.332190e-03 8.997460e-04 6.062100e-04
5.600000e-01 1.450000e+00 1.357010e-03 9.270230e-04 6.348300e-04
5.600000e-01 1.475000e+00 1.381220e-03 9.536690e-04 6.628050e-04
5.600000e-01 1.500000e+00 1.404900e-03 9.797410e-04 6.901860e-04
5.600000e-01 1.525000e+00 1.428020e-03 1.005300e-03 7.170230e-04
5.600000e-01 1.550000e+00 1.450620e-03 1.030250e-03 7.433310e-04
5.600000e-01 1.575000e+00 1.472730e-03 1.054710e-03 7.691000e-04
5.600000e-01 1.600000e+00 1.494330e-03 1.078700e-03 7.943260e-04
5.600000e-01 1.625000e+00 1.515490e-03 1.102150e-03 8.190730e-04
5.600000e-01 1.650000e+00 1.536150e-03 1.125140e-03 8.433540e-04
5.600000e-01 1.675000e+00 1.556410e-03 1.147710e-03 8.671810e-04
5.600000e-01 1.700000e+00 1.576200e-03 1.169800e-03 8.905610e-04
5.600000e-01 1.725000e+00 1.595610e-03 1.191460e-03 9.134660e-04
5.600000e-01 1.750000e+00 1.614590e-03 1.212730e-03 9.359570e-04
5.600000e-01 1.775000e+00 1.633210e-03 1.233600e-03 9.580460e-04
5.600000e-01 1.800000e+00 1.651420e-03 1.254040e-03 9.797410e-04
5.600000e-01 1.825000e+00 1.669290e-03 1.274110e-03 1.001060e-03
5.600000e-01 1.850000e+00 1.686780e-03 1.293830e-03 1.022000e-03
5.600000e-01 1.875000e+00 1.703950e-03 1.313200e-03 1.042580e-03
5.600000e-01 1.900000e+00 1.720760e-03 1.332190e-03 1.062770e-03
5.600000e-01 1.925000e+00 1.737270e-03 1.350840e-03 1.082630e-03
5.600000e-01 1.950000e+00 1.753420e-03 1.369180e-03 1.102150e-03
5.600000e-01 1.975000e+00 1.769300e-03 1.387200e-03 1.121340e-03
5.600000e-01 2.000000e+00 1.784850e-03 1.404900e-03 1.140220e-03
5.600000e-01 2.025000e+00 1.800130e-03 1.422290e-03 1.158790e-03
5.600000e-01 2.050000e+00 1.815110e-03 1.439380e-03 1.177060e-03
5.600000e-01 2.075000e+00 1.829810e-03 1.456190e-03 1.195040e-03
5.600000e-01 2.100000e+00 1.844260e-03 1.472730e-03 1.212730e-03
5.600000e-01 2.125000e+00 1.858420e-03 1.488990e-03 1.230140e-03
5.600000e-01 2.150000e+00 1.872340e-03 1.504960e-03 1.247270e-03
5.600000e-01 2.175000e+00 1.886000e-03 1.520680e-03 1.264140e-03
5.600000e-01 2.200000e+00 1.899420e-03 1.536150e-03 1.280750e-03
5.600000e-01 2.225000e+00 1.912610e-03 1.551370e-03 1.297100e-03
5.600000e-01 2.250000e+00 1.925540e-03 1.566360e-03 1.313200e-03
5.600000e-01 2.275000e+00 1.938270e-03 1.581110e-03 1.329060e-03
5.600000e-01 2.300000e+00 1.950760e-03 1.595610e-03 1.344680e-03
5.600000e-01 2.325000e+00 1.963040e-03 1.609890e-03 1.360070e-03
5.600000e-01 2.350000e+00 1.975120e-03 1.623940e-03 1.375230e-03
5.600000e-01 2.375000e+00 1.986970e-03 1.637790e-03 1.390180e-03
5.600000e-01 2.400000e+00 1.998630e-03 1.651420e-03 1.404900e-03
5.600000e-01 2.425000e+00 2.010090e-03 1.664850e-03 1.419420e-03
5.600000e-01 2.450000e+00 2.021350e-03 1.678080e-03 1.433730e-03
5.600000e-01 2.475000e+00 2.032440e-03 1.691120e-03 1.447840e-03
5.600000e-01 2.500000e+00 2.043330e-03 1.703950e-03 1.461750e-03
5.800000e-01 1.250000e+00 1.130520e-03 6.850520e-04 3.844170e-04
5.800000e-01 1.275000e+00 1.159740e-03 7.169300e-04 4.177040e-04
5.800000e-01 1.300000e+00 1.188210e-03 7.479680e-04 4.502090e-04
5.800000e-01 1.325000e+00 1.215940e-03 7.783080e-04 4.819060e-04
5.800000e-01 1.350000e+00 1.242960e-03 8.078910e-04 5.129190e-04
5.800000e-01 1.375000e+00 1.269320e-03 8.368020e-04 5.432430e-04
5.800000e-01 1.400000e+00 1.295040e-03 8.650500e-04 5.728330e-04
5.800000e-01 1.425000e+00 1.320110e-03 8.926330e-04 6.018080e-04
5.800000e-01 1.450000e+00 1.344600e-03 9.196480e-04 6.301840e-04
5.800000e-01 1.475000e+00 1.368500e-03 9.459980e-04 6.579120e-04
5.800000e-01 1.500000e+00 1.391840e-03 9.718130e-04 6.850520e-04
5.800000e-01 1.525000e+00 1.414660e-03 9.970770e-04 7.116510e-04
5.800000e-01 1.550000e+00 1.436930e-03 1.021770e-03 7.377240e-04
5.800000e-01 1.575000e+00 1.458720e-03 1.045980e-03 7.632410e-04
5.800000e-01 1.600000e+00 1.480020e-03 1.069680e-03 7.882350e-04
5.800000e-01 1.625000e+00 1.500830e-03 1.092870e-03 8.127510e-04
5.800000e-01 1.650000e+00 1.521230e-03 1.115620e-03 8.368020e-04
5.800000e-01 1.675000e+00 1.541140e-03 1.137910e-03 8.604020e-04
5.800000e-01 1.700000e+00 1.560660e-03 1.159740e-03 8.835260e-04
5.800000e-01 1.725000e+00 1.579740e-03 1.181160e-03 9.062050e-04
5.800000e-01 1.750000e+00 1.598440e-03 1.202180e-03 9.284720e-04
5.800000e-01 1.775000e+00 1.616730e-03 1.222750e-03 9.503380e-04
5.800000e-01 1.800000e+00 1.634670e-03 1.242960e-03 9.718130e-04
5.800000e-01 1.825000e+00 1.652220e-03 1.262800e-03 9.929070e-04
5.800000e-01 1.850000e+00 1.669440e-03 1.282270e-03 1.013620e-03
5.800000e-01 1.875000e+00 1.686290e-03 1.301350e-03 1.033950e-03
5.800000e-01 1.900000e+00 1.702830e-03 1.320110e-03 1.053930e-03
5.800000e-01 1.925000e+00 1.719020e-03 1.338530e-03 1.073560e-03
5.800000e-01 1.950000e+00 1.734920e-03 1.356640e-03 1.092870e-03
5.800000e-01 1.975000e+00 1.750480e-03 1.374390e-03 1.111850e-03
5.800000e-01 2.000000e+00 1.765770e-03 1.391840e-03 1.130520e-03
5.800000e-01 2.025000e+00 1.780740e-03 1.408990e-03 1.148880e-03
5.800000e-01 2.050000e+00 1.795460e-03 1.425860e-03 1.166940e-03
5.800000e-01 2.075000e+00 1.809870e-03 1.442440e-03 1.184700e-03
5.800000e-01 2.100000e+00 1.824040e-03 1.458720e-03 1.202180e-03
5.800000e-01 2.125000e+00 1.837930e-03 1.474730e-03 1.219370e-03
5.800000e-01 2.150000e+00 1.851560e-03 1.490480e-03 1.236280e-03
5.800000e-01 2.175000e+00 1.864960e-03 1.505980e-03 1.252930e-03
5.800000e-01 2.200000e+00 1.878090e-03 1.521230e-03 1.269320e-03
5.800000e-01 2.225000e+00 1.891010e-03 1.536210e-03 1.285460e-03
5.800000e-01 2.250000e+00 1.903670e-03 1.550950e-03 1.301350e-03
5.800000e-01 2.275000e+00 1.916130e-03 1.565450e-03 1.317010e-03
5.800000e-01 2.300000e+00 1.928350e-03 1.579740e-03 1.332420e-03
5.800000e-01 2.325000e+00 1.940360e-03 1.593800e-03 1.347610e-03
5.800000e-01 2.350000e+00 1.952170e-03 1.607640e-03 1.362570e-03
5.800000e-01 2.375000e+00 1.963760e-03 1.621270e-03 1.377310e-03
5.800000e-01 2.400000e+00 1.975150e-03 1.634670e-03 1.391840e-03
5.800000e-01 2.425000e+00 1.986350e-03 1.647870e-03 1.406150e-03
5.800000e-01 2.450000e+00 1.997350e-03 1.660870e-03 1.420260e-03
5.800000e-01 2.475000e+00 2.008180e-03 1.673670e-03 1.434170e-03
5.800000e-01 2.500000e+00 2.018800e-03 1.686290e-03 1.447880e-03
6.000000e-01 1.250000e+00 1.120990e-03 6.800210e-04 3.818450e-04
6.000000e-01 1.275000e+00 1.149850e-03 7.116190e-04 4.148720e-04
6.000000e-01 1.300000e+00 1.177970e-03 7.423680e-04 4.471390e-04
6.000000e-01 1.325000e+00 1.205380e-03 7.724340e-04 4.785800e-04
6.000000e-01 1.350000e+00 1.232070e-03 8.017280e-04 5.093420e-04
6.000000e-01 1.375000e+00 1.258090e-03 8.303710e-04 5.394250e-04
6.000000e-01 1.400000e+00 1.283480e-03 8.583290e-04 5.687680e-04
6.000000e-01 1.425000e+00 1.308240e-03 8.856490e-04 5.974990e-04
6.000000e-01 1.450000e+00 1.332390e-03 9.123780e-04 6.256330e-04
6.000000e-01 1.475000e+00 1.355980e-03 9.384660e-04 6.531180e-04
6.000000e-01 1.500000e+00 1.379000e-03 9.640250e-04 6.800210e-04
6.000000e-01 1.525000e+00 1.401490e-03 9.889990e-04 7.063850e-04
6.000000e-01 1.550000e+00 1.423480e-03 1.013440e-03 7.322250e-04
6.000000e-01 1.575000e+00 1.444930e-03 1.037400e-03 7.574950e-04
6.000000e-01 1.600000e+00 1.465920e-03 1.060810e-03 7.822580e-04
6.000000e-01 1.625000e+00 1.486440e-03 1.083760e-03 8.065460e-04
6.000000e-01 1.650000e+00 1.506500e-03 1.106270e-03 8.303710e-04
6.000000e-01 1.675000e+00 1.526150e-03 1.128260e-03 8.537410e-04
6.000000e-01 1.700000e+00 1.545330e-03 1.149850e-03 8.766190e-04
6.000000e-01 1.725000e+00 1.564140e-03 1.171030e-03 8.990760e-04
6.000000e-01 1.750000e+00 1.582520e-03 1.191760e-03 9.211220e-04
6.000000e-01 1.775000e+00 1.600530e-03 1.212100e-03 9.427680e-04
6.000000e-01 1.800000e+00 1.618160e-03 1.232070e-03 9.640250e-04
6.000000e-01 1.825000e+00 1.635430e-03 1.251660e-03 9.848960e-04
6.000000e-01 1.850000e+00 1.652350e-03 1.270860e-03 1.005360e-03
6.000000e-01 1.875000e+00 1.668920e-03 1.289710e-03 1.025480e-03
6.000000e-01 1.900000e+00 1.685160e-03 1.308240e-03 1.045240e-03
6.000000e-01 1.925000e+00 1.701080e-03 1.326420e-03 1.064660e-03
6.000000e-01 1.950000e+00 1.716680e-03 1.344250e-03 1.083760e-03
6.000000e-01 1.975000e+00 1.731970e-03 1.361780e-03 1.102530e-03
6.000000e-01 2.000000e+00 1.746970e-03 1.379000e-03 1.120990e-03
6.000000e-01 2.025000e+00 1.761680e-03 1.395930e-03 1.139140e-03
6.000000e-01 2.050000e+00 1.776100e-03 1.412540e-03 1.156970e-03
6.000000e-01 2.075000e+00 1.790250e-03 1.428870e-03 1.174510e-03
6.000000e-01 2.100000e+00 1.804120e-03 1.444930e-03 1.191760e-03
6.000000e-01 2.125000e+00 1.817750e-03 1.460720e-03 1.208740e-03
6.000000e-01 2.150000e+00 1.831110e-03 1.476250e-03 1.225450e-03
6.000000e-01 2.175000e+00 1.844230e-03 1.491500e-03 1.241900e-03
6.000000e-01 2.200000e+00 1.857100e-03 1.506500e-03 1.258090e-03
6.000000e-01 2.225000e+00 1.869740e-03 1.521260e-03 1.274020e-03
6.000000e-01 2.250000e+00 1.882140e-03 1.535790e-03 1.289710e-03
6.000000e-01 2.275000e+00 1.894320e-03 1.550080e-03 1.305170e-03
6.000000e-01 2.300000e+00 1.906290e-03 1.564140e-03 1.320380e-03
6.000000e-01 2.325000e+00 1.918030e-03 1.577960e-03 1.335370e-03
6.000000e-01 2.350000e+00 1.929580e-03 1.591570e-03 1.350130e-03
6.000000e-01 2.375000e+00 1.940900e-03 1.604970e-03 1.364670e-03
6.000000e-01 2.400000e+00 1.952040e-03 1.618160e-03 1.379000e-03
6.000000e-01 2.425000e+00 1.962970e-03 1.631150e-03 1.393120e-03
6.000000e-01 2.450000e+00 1.973720e-03 1.643950e-03 1.407040e-03
6.000000e-01 2.475000e+00 1.984280e-03 1.656530e-03 1.420750e-03
6.000000e-01 2.500000e+00 1.994650e-03 1.668920e-03 1.434260e-03
6.200000e-01 1.250000e+00 1.111540e-03 6.750300e-04 3.792900e-04
6.200000e-01 1.275000e+00 1.140070e-03 7.063490e-04 4.120560e-04
6.200000e-01 1.300000e+00 1.167850e-03 7.368150e-04 4.440900e-04
6.200000e-01 1.325000e+00 1.194920e-03 7.666080e-04 4.752770e-04
6.200000e-01 1.350000e+00 1.221310e-03 7.956190e-04 5.057880e-04
6.200000e-01 1.375000e+00 1.246990e-03 8.239960e-04 5.356360e-04
6.200000e-01 1.400000e+00 1.272040e-03 8.516710e-04 5.647340e-04
6.200000e-01 1.425000e+00 1.296490e-03 8.787300e-04 5.932210e-04
6.200000e-01 1.450000e+00 1.320330e-03 9.051750e-04 6.211150e-04
6.200000e-01 1.475000e+00 1.343580e-03 9.310070e-04 6.483640e-04
6.200000e-01 1.500000e+00 1.366310e-03 9.563130e-04 6.750300e-04
6.200000e-01 1.525000e+00 1.388480e-03 9.810040e-04 7.011600e-04
6.200000e-01 1.550000e+00 1.410140e-03 1.005200e-03 7.267690e-04
6.200000e-01 1.575000e+00 1.431320e-03 1.028880e-03 7.518000e-04
6.200000e-01 1.600000e+00 1.451980e-03 1.052040e-03 7.763340e-04
6.200000e-01 1.625000e+00 1.472200e-03 1.074740e-03 8.003960e-04
6.200000e-01 1.650000e+00 1.491970e-03 1.096970e-03 8.239960e-04
6.200000e-01 1.675000e+00 1.511290e-03 1.118730e-03 8.471230e-04
6.200000e-01 1.700000e+00 1.530220e-03 1.140070e-03 8.697790e-04
6.200000e-01 1.725000e+00 1.548690e-03 1.160990e-03 8.920160e-04
6.200000e-01 1.750000e+00 1.566810e-03 1.181470e-03 9.138430e-04
6.200000e-01 1.775000e+00 1.584510e-03 1.201580e-03 9.352720e-04
6.200000e-01 1.800000e+00 1.601860e-03 1.221310e-03 9.563130e-04
6.200000e-01 1.825000e+00 1.618840e-03 1.240620e-03 9.769370e-04
6.200000e-01 1.850000e+00 1.635470e-03 1.259590e-03 9.971910e-04
6.200000e-01 1.875000e+00 1.651760e-03 1.278220e-03 1.017090e-03
6.200000e-01 1.900000e+00 1.667710e-03 1.296490e-03 1.036640e-03
6.200000e-01 1.925000e+00 1.683350e-03 1.314410e-03 1.055860e-03
6.200000e-01 1.950000e+00 1.698660e-03 1.332020e-03 1.074740e-03
6.200000e-01 1.975000e+00 1.713690e-03 1.349330e-03 1.093310e-03
6.200000e-01 2.000000e+00 1.728400e-03 1.366310e-03 1.111540e-03
6.200000e-01 2.025000e+00 1.742840e-03 1.382980e-03 1.129460e-03
6.200000e-01 2.050000e+00 1.756980e-03 1.399370e-03 1.147080e-03
6.200000e-01 2.075000e+00 1.770860e-03 1.415480e-03 1.164420e-03
6.200000e-01 2.100000e+00 1.784460e-03 1.431320e-03 1.181470e-03
6.200000e-01 2.125000e+00 1.797810e-03 1.446860e-03 1.198250e-03
6.200000e-01 2.150000e+00 1.810900e-03 1.462150e-03 1.214750e-03
6.200000e-01 2.175000e+00 1.823750e-03 1.477180e-03 1.231000e-03
6.200000e-01 2.200000e+00 1.836360e-03 1.491970e-03 1.246990e-03
6.200000e-01 2.225000e+00 1.848730e-03 1.506520e-03 1.262730e-03
6.200000e-01 2.250000e+00 1.860880e-03 1.520800e-03 1.278220e-03
6.200000e-01 2.275000e+00 1.872790e-03 1.534860e-03 1.293470e-03
6.200000e-01 2.300000e+00 1.884500e-03 1.548690e-03 1.308490e-03
6.200000e-01 2.325000e+00 1.895980e-03 1.562310e-03 1.323280e-03
6.200000e-01 2.350000e+00 1.907270e-03 1.575710e-03 1.337840e-03
6.200000e-01 2.375000e+00 1.918330e-03 1.588900e-03 1.352180e-03
6.200000e-01 2.400000e+00 1.929210e-03 1.601860e-03 1.366310e-03
6.200000e-01 2.425000e+00 1.939890e-03 1.614620e-03 1.380230e-03
6.200000e-01 2.450000e+00 1.950380e-03 1.627190e-03 1.393950e-03
6.200000e-01 2.475000e+00 1.960680e-03 1.639570e-03 1.407460e-03
6.200000e-01 2.500000e+00 1.970800e-03 1.651760e-03 1.420790e-03
6.400000e-01 1.250000e+00 1.102170e-03 6.700760e-04 3.767480e-04
6.400000e-01 1.275000e+00 1.130400e-03 7.011170e-04 4.092550e-04
6.400000e-01 1.300000e+00 1.157840e-03 7.313050e-04 4.410360e-04
6.400000e-01 1.325000e+00 1.184570e-03 7.608280e-04 4.719940e-04
6.400000e-01 1.350000e+00 1.210620e-03 7.895610e-04 5.022550e-04
6.400000e-01 1.375000e+00 1.236020e-03 8.176730e-04 5.318620e-04
6.400000e-01 1.400000e+00 1.260730e-03 8.450710e-04 5.607250e-04
6.400000e-01 1.425000e+00 1.284850e-03 8.718710e-04 5.889710e-04
6.400000e-01 1.450000e+00 1.308390e-03 8.980380e-04 6.166270e-04
6.400000e-01 1.475000e+00 1.331340e-03 9.236160e-04 6.436440e-04
6.400000e-01 1.500000e+00 1.353730e-03 9.486480e-04 6.700760e-04
6.400000e-01 1.525000e+00 1.375620e-03 9.730860e-04 6.959740e-04
6.400000e-01 1.550000e+00 1.396970e-03 9.970340e-04 7.213530e-04
6.400000e-01 1.575000e+00 1.417820e-03 1.020440e-03 7.461500e-04
6.400000e-01 1.600000e+00 1.438220e-03 1.043350e-03 7.704580e-04
6.400000e-01 1.625000e+00 1.458120e-03 1.065820e-03 7.942950e-04
6.400000e-01 1.650000e+00 1.477590e-03 1.087760e-03 8.176730e-04
6.400000e-01 1.675000e+00 1.496630e-03 1.109290e-03 8.405620e-04
6.400000e-01 1.700000e+00 1.515230e-03 1.130400e-03 8.629990e-04
6.400000e-01 1.725000e+00 1.533460e-03 1.151040e-03 8.850180e-04
6.400000e-01 1.750000e+00 1.551250e-03 1.171290e-03 9.066290e-04
6.400000e-01 1.775000e+00 1.568680e-03 1.191170e-03 9.278440e-04
6.400000e-01 1.800000e+00 1.585740e-03 1.210620e-03 9.486480e-04
6.400000e-01 1.825000e+00 1.602430e-03 1.229710e-03 9.690550e-04
6.400000e-01 1.850000e+00 1.618790e-03 1.248450e-03 9.890980e-04
6.400000e-01 1.875000e+00 1.634780e-03 1.266830e-03 1.008790e-03
6.400000e-01 1.900000e+00 1.650470e-03 1.284850e-03 1.028130e-03
6.400000e-01 1.925000e+00 1.665810e-03 1.302550e-03 1.047140e-03
6.400000e-01 1.950000e+00 1.680870e-03 1.319940e-03 1.065820e-03
6.400000e-01 1.975000e+00 1.695600e-03 1.336990e-03 1.084150e-03
6.400000e-01 2.000000e+00 1.710050e-03 1.353730e-03 1.102170e-03
6.400000e-01 2.025000e+00 1.724200e-03 1.370190e-03 1.119880e-03
6.400000e-01 2.050000e+00 1.738090e-03 1.386360e-03 1.137300e-03
6.400000e-01 2.075000e+00 1.751680e-03 1.402230e-03 1.154440e-03
6.400000e-01 2.100000e+00 1.765030e-03 1.417820e-03 1.171290e-03
6.400000e-01 2.125000e+00 1.778110e-03 1.433150e-03 1.187870e-03
6.400000e-01 2.150000e+00 1.790940e-03 1.448230e-03 1.204180e-03
6.400000e-01 2.175000e+00 1.803520e-03 1.463040e-03 1.220220e-03
6.400000e-01 2.200000e+00 1.815870e-03 1.477590e-03 1.236020e-03
6.400000e-01 2.225000e+00 1.827970e-03 1.491900e-03 1.251540e-03
6.400000e-01 2.250000e+00 1.839860e-03 1.505980e-03 1.266830e-03
6.400000e-01 2.275000e+00 1.851510e-03 1.519830e-03 1.281880e-03
6.400000e-01 2.300000e+00 1.862970e-03 1.533460e-03 1.296690e-03
6.400000e-01 2.325000e+00 1.874180e-03 1.546840e-03 1.311280e-03
6.400000e-01 2.350000e+00 1.885220e-03 1.560010e-03 1.325650e-03
6.400000e-01 2.375000e+00 1.896030e-03 1.572980e-03 1.339800e-03
6.400000e-01 2.400000e+00 1.906650e-03 1.585740e-03 1.353730e-03
6.400000e-01 2.425000e+00 1.917080e-03 1.598300e-03 1.367460e-03
6.400000e-01 2.450000e+00 1.927320e-03 1.610660e-03 1.380990e-03
6.400000e-01 2.475000e+00 1.937370e-03 1.622810e-03 1.394320e-03
6.400000e-01 2.500000e+00 1.947240e-03 1.634780e-03 1.407450e-03
6.600000e-01 1.250000e+00 1.092890e-03 6.651590e-04 3.742160e-04
6.600000e-01 1.275000e+00 1.120780e-03 6.959220e-04 4.064710e-04
6.600000e-01 1.300000e+00 1.147940e-03 7.258390e-04 4.380030e-04
6.600000e-01 1.325000e+00 1.174330e-03 7.550850e-04 4.687270e-04
6.600000e-01 1.350000e+00 1.200050e-03 7.835540e-04 4.987450e-04
6.600000e-01 1.375000e+00 1.225120e-03 8.114060e-04 5.281130e-04
6.600000e-01 1.400000e+00 1.249560e-03 8.385280e-04 5.567410e-04
6.600000e-01 1.425000e+00 1.273350e-03 8.650770e-04 5.847520e-04
6.600000e-01 1.450000e+00 1.296560e-03 8.909650e-04 6.121760e-04
6.600000e-01 1.475000e+00 1.319220e-03 9.162970e-04 6.389550e-04
6.600000e-01 1.500000e+00 1.341310e-03 9.410490e-04 6.651590e-04
6.600000e-01 1.525000e+00 1.362870e-03 9.652450e-04 6.908310e-04
6.600000e-01 1.550000e+00 1.383940e-03 9.889470e-04 7.159730e-04
6.600000e-01 1.575000e+00 1.404490e-03 1.012080e-03 7.405430e-04
6.600000e-01 1.600000e+00 1.424570e-03 1.034760e-03 7.646310e-04
6.600000e-01 1.625000e+00 1.444210e-03 1.056950e-03 7.882490e-04
6.600000e-01 1.650000e+00 1.463370e-03 1.078660e-03 8.114060e-04
6.600000e-01 1.675000e+00 1.482110e-03 1.099950e-03 8.340570e-04
6.600000e-01 1.700000e+00 1.500450e-03 1.120780e-03 8.562790e-04
6.600000e-01 1.725000e+00 1.518350e-03 1.141190e-03 8.780840e-04
6.600000e-01 1.750000e+00 1.535890e-03 1.161220e-03 8.994840e-04
6.600000e-01 1.775000e+00 1.553020e-03 1.180830e-03 9.204790e-04
6.600000e-01 1.800000e+00 1.569800e-03 1.200050e-03 9.410490e-04
6.600000e-01 1.825000e+00 1.586220e-03 1.218920e-03 9.612470e-04
6.600000e-01 1.850000e+00 1.602280e-03 1.237410e-03 9.810840e-04
6.600000e-01 1.875000e+00 1.618020e-03 1.255540e-03 1.000570e-03
6.600000e-01 1.900000e+00 1.633410e-03 1.273350e-03 1.019710e-03
6.600000e-01 1.925000e+00 1.648490e-03 1.290830e-03 1.038510e-03
6.600000e-01 1.950000e+00 1.663260e-03 1.307960e-03 1.056950e-03
6.600000e-01 1.975000e+00 1.677730e-03 1.324780e-03 1.075070e-03
6.600000e-01 2.000000e+00 1.691910e-03 1.341310e-03 1.092890e-03
6.600000e-01 2.025000e+00 1.705790e-03 1.357550e-03 1.110410e-03
6.600000e-01 2.050000e+00 1.719410e-03 1.373460e-03 1.127630e-03
6.600000e-01 2.075000e+00 1.732740e-03 1.389110e-03 1.144570e-03
6.600000e-01 2.100000e+00 1.745820e-03 1.404490e-03 1.161220e-03
6.600000e-01 2.125000e+00 1.758630e-03 1.419610e-03 1.177600e-03
6.600000e-01 2.150000e+00 1.771210e-03 1.434440e-03 1.193700e-03
6.600000e-01 2.175000e+00 1.783520e-03 1.449030e-03 1.209530e-03
6.600000e-01 2.200000e+00 1.795620e-03 1.463370e-03 1.225120e-03
6.600000e-01 2.225000e+00 1.807460e-03 1.477480e-03 1.240450e-03
6.600000e-01 2.250000e+00 1.819090e-03 1.491330e-03 1.255540e-03
6.600000e-01 2.275000e+00 1.830480e-03 1.504950e-03 1.270400e-03
6.600000e-01 2.300000e+00 1.841680e-03 1.518350e-03 1.285020e-03
6.600000e-01 2.325000e+00 1.852640e-03 1.531540e-03 1.299420e-03
6.600000e-01 2.350000e+00 1.863420e-03 1.544510e-03 1.313600e-03
6.600000e-01 2.375000e+00 1.873980e-03 1.557260e-03 1.327560e-03
6.600000e-01 2.400000e+00 1.884360e-03 1.569800e-03 1.341310e-03
6.600000e-01 2.425000e+00 1.894530e-03 1.582140e-03 1.354850e-03
6.600000e-01 2.450000e+00 1.904530e-03 1.594290e-03 1.368200e-03
6.600000e-01 2.475000e+00 1.914330e-03 1.606250e-03 1.381340e-03
6.600000e-01 2.500000e+00 1.923960e-03 1.618020e-03 1.394290e-03
6.800000e-01 1.250000e+00 1.083710e-03 6.602750e-04 3.717000e-04
6.800000e-01 1.275000e+00 1.111270e-03 6.907660e-04 4.036980e-04
6.800000e-01 1.300000e+00 1.138090e-03 7.204120e-04 4.349770e-04
6.800000e-01 1.325000e+00 1.164200e-03 7.493870e-04 4.654820e-04
6.800000e-01 1.350000e+00 1.189590e-03 7.775920e-04 4.952520e-04
6.800000e-01 1.375000e+00 1.214340e-03 8.051740e-04 5.243770e-04
6.800000e-01 1.400000e+00 1.238460e-03 8.320380e-04 5.527840e-04
6.800000e-01 1.425000e+00 1.261970e-03 8.583330e-04 5.805570e-04
6.800000e-01 1.450000e+00 1.284860e-03 8.839530e-04 6.077450e-04
6.800000e-01 1.475000e+00 1.307200e-03 9.090360e-04 6.343020e-04
6.800000e-01 1.500000e+00 1.329010e-03 9.335210e-04 6.602750e-04
6.800000e-01 1.525000e+00 1.350280e-03 9.574730e-04 6.857180e-04
6.800000e-01 1.550000e+00 1.371030e-03 9.809070e-04 7.106350e-04
6.800000e-01 1.575000e+00 1.391300e-03 1.003800e-03 7.349810e-04
6.800000e-01 1.600000e+00 1.411090e-03 1.026240e-03 7.588460e-04
6.800000e-01 1.625000e+00 1.430410e-03 1.048170e-03 7.822440e-04
6.800000e-01 1.650000e+00 1.449310e-03 1.069640e-03 8.051740e-04
6.800000e-01 1.675000e+00 1.467760e-03 1.090700e-03 8.276080e-04
6.800000e-01 1.700000e+00 1.485790e-03 1.111270e-03 8.496150e-04
6.800000e-01 1.725000e+00 1.503440e-03 1.131450e-03 8.712070e-04
6.800000e-01 1.750000e+00 1.520670e-03 1.151240e-03 8.923950e-04
6.800000e-01 1.775000e+00 1.537540e-03 1.170600e-03 9.131600e-04
6.800000e-01 1.800000e+00 1.554030e-03 1.189590e-03 9.335210e-04
6.800000e-01 1.825000e+00 1.570160e-03 1.208230e-03 9.535120e-04
6.800000e-01 1.850000e+00 1.585970e-03 1.226470e-03 9.731420e-04
6.800000e-01 1.875000e+00 1.601410e-03 1.244380e-03 9.924220e-04
6.800000e-01 1.900000e+00 1.616540e-03 1.261970e-03 1.011360e-03
6.800000e-01 1.925000e+00 1.631350e-03 1.279190e-03 1.029920e-03
6.800000e-01 1.950000e+00 1.645850e-03 1.296100e-03 1.048170e-03
6.800000e-01 1.975000e+00 1.660060e-03 1.312710e-03 1.066090e-03
6.800000e-01 2.000000e+00 1.673950e-03 1.329010e-03 1.083710e-03
6.800000e-01 2.025000e+00 1.687590e-03 1.345000e-03 1.101030e-03
6.800000e-01 2.050000e+00 1.700920e-03 1.360710e-03 1.118050e-03
6.800000e-01 2.075000e+00 1.714010e-03 1.376150e-03 1.134790e-03
6.800000e-01 2.100000e+00 1.726810e-03 1.391300e-03 1.151240e-03
6.800000e-01 2.125000e+00 1.739370e-03 1.406180e-03 1.167400e-03
6.800000e-01 2.150000e+00 1.751680e-03 1.420810e-03 1.183300e-03
6.800000e-01 2.175000e+00 1.763740e-03 1.435190e-03 1.198950e-03
6.800000e-01 2.200000e+00 1.775580e-03 1.449310e-03 1.214340e-03
6.800000e-01 2.225000e+00 1.787170e-03 1.463180e-03 1.229480e-03
6.800000e-01 2.250000e+00 1.798540e-03 1.476820e-03 1.244380e-03
6.800000e-01 2.275000e+00 1.809690e-03 1.490240e-03 1.259050e-03
6.800000e-01 2.300000e+00 1.820630e-03 1.503440e-03 1.273490e-03
6.800000e-01 2.325000e+00 1.831350e-03 1.516400e-03 1.287700e-03
6.800000e-01 2.350000e+00 1.841880e-03 1.529150e-03 1.301690e-03
6.800000e-01 2.375000e+00 1.852190e-03 1.541690e-03 1.315460e-03
6.800000e-01 2.400000e+00 1.862320e-03 1.554030e-03 1.329010e-03
6.800000e-01 2.425000e+00 1.872240e-03 1.566180e-03 1.342360e-03
6.800000e-01 2.450000e+00 1.882000e-03 1.578110e-03 1.355510e-03
6.800000e-01 2.475000e+00 1.891550e-03 1.589850e-03 1.368460e-03
6.800000e-01 2.500000e+00 1.900950e-03 1.601410e-03 1.381220e-03
7.000000e-01 1.250000e+00 1.074610e-03 6.554200e-04 3.691700e-04
7.000000e-01 1.275000e+00 1.101850e-03 6.856440e-04 4.009360e-04
7.000000e-01 1.300000e+00 1.128350e-03 7.150210e-04 4.319620e-04
7.000000e-01 1.325000e+00 1.154140e-03 7.437300e-04 4.622510e-04
7.000000e-01 1.350000e+00 1.179250e-03 7.716720e-04 4.917760e-04
7.000000e-01 1.375000e+00 1.203670e-03 7.989890e-04 5.206580e-04
7.000000e-01 1.400000e+00 1.227470e-03 8.255970e-04 5.488490e-04
7.000000e-01 1.425000e+00 1.250670e-03 8.516330e-04 5.763840e-04
7.000000e-01 1.450000e+00 1.273290e-03 8.769970e-04 6.033390e-04
7.000000e-01 1.475000e+00 1.295320e-03 9.018340e-04 6.296770e-04
7.000000e-01 1.500000e+00 1.316820e-03 9.260560e-04 6.554200e-04
7.000000e-01 1.525000e+00 1.337800e-03 9.497660e-04 6.806370e-04
7.000000e-01 1.550000e+00 1.358260e-03 9.729380e-04 7.053340e-04
7.000000e-01 1.575000e+00 1.378230e-03 9.955940e-04 7.294570e-04
7.000000e-01 1.600000e+00 1.397740e-03 1.017790e-03 7.531010e-04
7.000000e-01 1.625000e+00 1.416780e-03 1.039460e-03 7.762810e-04
7.000000e-01 1.650000e+00 1.435370e-03 1.060710e-03 7.989890e-04
7.000000e-01 1.675000e+00 1.453550e-03 1.081500e-03 8.212070e-04
7.000000e-01 1.700000e+00 1.471300e-03 1.101850e-03 8.430010e-04
7.000000e-01 1.725000e+00 1.488650e-03 1.121810e-03 8.643830e-04
7.000000e-01 1.750000e+00 1.505630e-03 1.141330e-03 8.853620e-04
7.000000e-01 1.775000e+00 1.522200e-03 1.160470e-03 9.059020e-04
7.000000e-01 1.800000e+00 1.538420e-03 1.179250e-03 9.260560e-04
7.000000e-01 1.825000e+00 1.554300e-03 1.197620e-03 9.458420e-04
7.000000e-01 1.850000e+00 1.569800e-03 1.215650e-03 9.652690e-04
7.000000e-01 1.875000e+00 1.584990e-03 1.233340e-03 9.843460e-04
7.000000e-01 1.900000e+00 1.599850e-03 1.250670e-03 1.003060e-03
7.000000e-01 1.925000e+00 1.614390e-03 1.267680e-03 1.021420e-03
7.000000e-01 1.950000e+00 1.628630e-03 1.284380e-03 1.039460e-03
7.000000e-01 1.975000e+00 1.642550e-03 1.300760e-03 1.057190e-03
7.000000e-01 2.000000e+00 1.656210e-03 1.316820e-03 1.074610e-03
7.000000e-01 2.025000e+00 1.669560e-03 1.332600e-03 1.091740e-03
7.000000e-01 2.050000e+00 1.682650e-03 1.348100e-03 1.108570e-03
7.000000e-01 2.075000e+00 1.695470e-03 1.363300e-03 1.125090e-03
7.000000e-01 2.100000e+00 1.708020e-03 1.378230e-03 1.141330e-03
7.000000e-01 2.125000e+00 1.720330e-03 1.392900e-03 1.157300e-03
7.000000e-01 2.150000e+00 1.732370e-03 1.407330e-03 1.173010e-03
7.000000e-01 2.175000e+00 1.744180e-03 1.421470e-03 1.188470e-03
7.000000e-01 2.200000e+00 1.755750e-03 1.435370e-03 1.203670e-03
7.000000e-01 2.225000e+00 1.767100e-03 1.449040e-03 1.218620e-03
7.000000e-01 2.250000e+00 1.778220e-03 1.462490e-03 1.233340e-03
7.000000e-01 2.275000e+00 1.789120e-03 1.475680e-03 1.247820e-03
7.000000e-01 2.300000e+00 1.799810e-03 1.488650e-03 1.262060e-03
7.000000e-01 2.325000e+00 1.810280e-03 1.501410e-03 1.276070e-03
7.000000e-01 2.350000e+00 1.820560e-03 1.513970e-03 1.289860e-03
7.000000e-01 2.375000e+00 1.830630e-03 1.526300e-03 1.303450e-03
7.000000e-01 2.400000e+00 1.840520e-03 1.538420e-03 1.316820e-03
7.000000e-01 2.425000e+00 1.850200e-03 1.550350e-03 1.329980e-03
7.000000e-01 2.450000e+00 1.859710e-03 1.562090e-03 1.342950e-03
7.000000e-01 2.475000e+00 1.869030e-03 1.573650e-03 1.355720e-03
7.000000e-01 2.500000e+00 1.878180e-03 1.584990e-03 1.368300e-03
7.200000e-01 1.250000e+00 1.065680e-03 6.506760e-04 3.667120e-04
7.200000e-01 1.275000e+00 1.092590e-03 6.806290e-04 3.982670e-04
7.200000e-01 1.300000e+00 1.118770e-03 7.097440e-04 4.290410e-04
7.200000e-01 1.325000e+00 1.144250e-03 7.381910e-04 4.591170e-04
7.200000e-01 1.350000e+00 1.169050e-03 7.658730e-04 4.883970e-04
7.200000e-01 1.375000e+00 1.193190e-03 7.929290e-04 5.170380e-04
7.200000e-01 1.400000e+00 1.216680e-03 8.192830e-04 5.450150e-04
7.200000e-01 1.425000e+00 1.239570e-03 8.450590e-04 5.723150e-04
7.200000e-01 1.450000e+00 1.261880e-03 8.701750e-04 5.990370e-04
7.200000e-01 1.475000e+00 1.283640e-03 8.947670e-04 6.251610e-04
7.200000e-01 1.500000e+00 1.304830e-03 9.187320e-04 6.506760e-04
7.200000e-01 1.525000e+00 1.325510e-03 9.422020e-04 6.756680e-04
7.200000e-01 1.550000e+00 1.345700e-03 9.651160e-04 7.001480e-04
7.200000e-01 1.575000e+00 1.365380e-03 9.875380e-04 7.240500e-04
7.200000e-01 1.600000e+00 1.384590e-03 1.009480e-03 7.474760e-04
7.200000e-01 1.625000e+00 1.403350e-03 1.030920e-03 7.704390e-04
7.200000e-01 1.650000e+00 1.421670e-03 1.051940e-03 7.929290e-04
7.200000e-01 1.675000e+00 1.439550e-03 1.072470e-03 8.149340e-04
7.200000e-01 1.700000e+00 1.457030e-03 1.092590e-03 8.365170e-04
7.200000e-01 1.725000e+00 1.474120e-03 1.112320e-03 8.576900e-04
7.200000e-01 1.750000e+00 1.490790e-03 1.131600e-03 8.784570e-04
7.200000e-01 1.775000e+00 1.507110e-03 1.150520e-03 8.987830e-04
7.200000e-01 1.800000e+00 1.523060e-03 1.169050e-03 9.187320e-04
7.200000e-01 1.825000e+00 1.538640e-03 1.187200e-03 9.383140e-04
7.200000e-01 1.850000e+00 1.553900e-03 1.205010e-03 9.575400e-04
7.200000e-01 1.875000e+00 1.568810e-03 1.222460e-03 9.764120e-04
7.200000e-01 1.900000e+00 1.583400e-03 1.239570e-03 9.949060e-04
7.200000e-01 1.925000e+00 1.597690e-03 1.256360e-03 1.013070e-03
7.200000e-01 1.950000e+00 1.611650e-03 1.272840e-03 1.030920e-03
7.200000e-01 1.975000e+00 1.625330e-03 1.288980e-03 1.048450e-03
7.200000e-01 2.000000e+00 1.638710e-03 1.304830e-03 1.065680e-03
7.200000e-01 2.025000e+00 1.651810e-03 1.320410e-03 1.082610e-03
7.200000e-01 2.050000e+00 1.664640e-03 1.335660e-03 1.099220e-03
7.200000e-01 2.075000e+00 1.677190e-03 1.350650e-03 1.115540e-03
7.200000e-01 2.100000e+00 1.689500e-03 1.365380e-03 1.131600e-03
7.200000e-01 2.125000e+00 1.701540e-03 1.379840e-03 1.147380e-03
7.200000e-01 2.150000e+00 1.713340e-03 1.394020e-03 1.162900e-03
7.200000e-01 2.175000e+00 1.724900e-03 1.407970e-03 1.178170e-03
7.200000e-01 2.200000e+00 1.736220e-03 1.421670e-03 1.193190e-03
7.200000e-01 2.225000e+00 1.747320e-03 1.435130e-03 1.207950e-03
7.200000e-01 2.250000e+00 1.758190e-03 1.448340e-03 1.222460e-03
7.200000e-01 2.275000e+00 1.768840e-03 1.461340e-03 1.236740e-03
7.200000e-01 2.300000e+00 1.779280e-03 1.474120e-03 1.250800e-03
7.200000e-01 2.325000e+00 1.789520e-03 1.486660e-03 1.264630e-03
7.200000e-01 2.350000e+00 1.799550e-03 1.499000e-03 1.278240e-03
7.200000e-01 2.375000e+00 1.809380e-03 1.511130e-03 1.291640e-03
7.200000e-01 2.400000e+00 1.819030e-03 1.523060e-03 1.304830e-03
7.200000e-01 2.425000e+00 1.828470e-03 1.534790e-03 1.317820e-03
7.200000e-01 2.450000e+00 1.837740e-03 1.546310e-03 1.330610e-03
7.200000e-01 2.475000e+00 1.846830e-03 1.557650e-03 1.343200e-03
7.200000e-01 2.500000e+00 1.855740e-03 1.568810e-03 1.355610e-03
7.400000e-01 1.250000e+00 1.056840e-03 6.459740e-04 3.642770e-04
7.400000e-01 1.275000e+00 1.083440e-03 6.756570e-04 3.956230e-04
7.400000e-01 1.300000e+00 1.109300e-03 7.045160e-04 4.261470e-04
7.400000e-01 1.325000e+00 1.134470e-03 7.327040e-04 4.559870e-04
7.400000e-01 1.350000e+00 1.158950e-03 7.601270e-04 4.850480e-04
7.400000e-01 1.375000e+00 1.182800e-03 7.869270e-04 5.134490e-04
7.400000e-01 1.400000e+00 1.206000e-03 8.130280e-04 5.412160e-04
7.400000e-01 1.425000e+00 1.228590e-03 8.385480e-04 5.682810e-04
7.400000e-01 1.450000e+00 1.250600e-03 8.634190e-04 5.947720e-04
7.400000e-01 1.475000e+00 1.272060e-03 8.877580e-04 6.206850e-04
7.400000e-01 1.500000e+00 1.292990e-03 9.114790e-04 6.459740e-04
7.400000e-01 1.525000e+00 1.313360e-03 9.347120e-04 6.707430e-04
7.400000e-01 1.550000e+00 1.333250e-03 9.573730e-04 6.950050e-04
7.400000e-01 1.575000e+00 1.352660e-03 9.795630e-04 7.186920e-04
7.400000e-01 1.600000e+00 1.371590e-03 1.001250e-03 7.419010e-04
7.400000e-01 1.625000e+00 1.390060e-03 1.022460e-03 7.646500e-04
7.400000e-01 1.650000e+00 1.408100e-03 1.043240e-03 7.869270e-04
7.400000e-01 1.675000e+00 1.425730e-03 1.063540e-03 8.087210e-04
7.400000e-01 1.700000e+00 1.442910e-03 1.083440e-03 8.300950e-04
7.400000e-01 1.725000e+00 1.459710e-03 1.102910e-03 8.510600e-04
7.400000e-01 1.750000e+00 1.476140e-03 1.121970e-03 8.716120e-04
7.400000e-01 1.775000e+00 1.492170e-03 1.140670e-03 8.917330e-04
7.400000e-01 1.800000e+00 1.507850e-03 1.158950e-03 9.114790e-04
7.400000e-01 1.825000e+00 1.523190e-03 1.176890e-03 9.308610e-04
7.400000e-01 1.850000e+00 1.538160e-03 1.194480e-03 9.498880e-04
7.400000e-01 1.875000e+00 1.552810e-03 1.211690e-03 9.685420e-04
7.400000e-01 1.900000e+00 1.567150e-03 1.228590e-03 9.868390e-04
7.400000e-01 1.925000e+00 1.581150e-03 1.245170e-03 1.004810e-03
7.400000e-01 1.950000e+00 1.594860e-03 1.261400e-03 1.022460e-03
7.400000e-01 1.975000e+00 1.608280e-03 1.277330e-03 1.039800e-03
7.400000e-01 2.000000e+00 1.621400e-03 1.292990e-03 1.056840e-03
7.400000e-01 2.025000e+00 1.634250e-03 1.308310e-03 1.073550e-03
7.400000e-01 2.050000e+00 1.646820e-03 1.323370e-03 1.089970e-03
7.400000e-01 2.075000e+00 1.659120e-03 1.338150e-03 1.106100e-03
7.400000e-01 2.100000e+00 1.671180e-03 1.352660e-03 1.121970e-03
7.400000e-01 2.125000e+00 1.682960e-03 1.366890e-03 1.137570e-03
7.400000e-01 2.150000e+00 1.694520e-03 1.380880e-03 1.152910e-03
7.400000e-01 2.175000e+00 1.705830e-03 1.394620e-03 1.167990e-03
7.400000e-01 2.200000e+00 1.716900e-03 1.408100e-03 1.182800e-03
7.400000e-01 2.225000e+00 1.727760e-03 1.421350e-03 1.197360e-03
7.400000e-01 2.250000e+00 1.738380e-03 1.434370e-03 1.211690e-03
7.400000e-01 2.275000e+00 1.748790e-03 1.447160e-03 1.225790e-03
7.400000e-01 2.300000e+00 1.758990e-03 1.459710e-03 1.239660e-03
7.400000e-01 2.325000e+00 1.768980e-03 1.472060e-03 1.253310e-03
7.400000e-01 2.350000e+00 1.778780e-03 1.484200e-03 1.266750e-03
7.400000e-01 2.375000e+00 1.788370e-03 1.496130e-03 1.279970e-03
7.400000e-01 2.400000e+00 1.797780e-03 1.507850e-03 1.292990e-03
7.400000e-01 2.425000e+00 1.806990e-03 1.519370e-03 1.305790e-03
7.400000e-01 2.450000e+00 1.816020e-03 1.530710e-03 1.318390e-03
7.400000e-01 2.475000e+00 1.824870e-03 1.541860e-03 1.330790e-03
7.400000e-01 2.500000e+00 1.833550e-03 1.552810e-03 1.343010e-03
7.600000e-01 1.250000e+00 1.048050e-03 6.412990e-04 3.618450e-04
7.600000e-01 1.275000e+00 1.074350e-03 6.707000e-04 3.929750e-04
7.600000e-01 1.300000e+00 1.099910e-03 6.993150e-04 4.232620e-04
7.600000e-01 1.325000e+00 1.124760e-03 7.272450e-04 4.528470e-04
7.600000e-01 1.350000e+00 1.148950e-03 7.544130e-04 4.817180e-04
7.600000e-01 1.375000e+00 1.172490e-03 7.809680e-04 5.098700e-04
7.600000e-01 1.400000e+00 1.195410e-03 8.068100e-04 5.374100e-04
7.600000e-01 1.425000e+00 1.217710e-03 8.320870e-04 5.642690e-04
7.600000e-01 1.450000e+00 1.239420e-03 8.567050e-04 5.905220e-04
7.600000e-01 1.475000e+00 1.260580e-03 8.808010e-04 6.162210e-04
7.600000e-01 1.500000e+00 1.281220e-03 9.042770e-04 6.412990e-04
7.600000e-01 1.525000e+00 1.301330e-03 9.272670e-04 6.658380e-04
7.600000e-01 1.550000e+00 1.320920e-03 9.496880e-04 6.898750e-04
7.600000e-01 1.575000e+00 1.340040e-03 9.716400e-04 7.133690e-04
7.600000e-01 1.600000e+00 1.358700e-03 9.930860e-04 7.363580e-04
7.600000e-01 1.625000e+00 1.376900e-03 1.014070e-03 7.588890e-04
7.600000e-01 1.650000e+00 1.394650e-03 1.034610e-03 7.809680e-04
7.600000e-01 1.675000e+00 1.411990e-03 1.054670e-03 8.025480e-04
7.600000e-01 1.700000e+00 1.428930e-03 1.074350e-03 8.237110e-04
7.600000e-01 1.725000e+00 1.445460e-03 1.093580e-03 8.444660e-04
7.600000e-01 1.750000e+00 1.461600e-03 1.112420e-03 8.648200e-04
7.600000e-01 1.775000e+00 1.477380e-03 1.130890e-03 8.847340e-04
7.600000e-01 1.800000e+00 1.492790e-03 1.148950e-03 9.042770e-04
7.600000e-01 1.825000e+00 1.507840e-03 1.166670e-03 9.234560e-04
7.600000e-01 1.850000e+00 1.522570e-03 1.184020e-03 9.422830e-04
7.600000e-01 1.875000e+00 1.536960e-03 1.201020e-03 9.607360e-04
7.600000e-01 1.900000e+00 1.551020e-03 1.217710e-03 9.788350e-04
7.600000e-01 1.925000e+00 1.564780e-03 1.234050e-03 9.966090e-04
7.600000e-01 1.950000e+00 1.578230e-03 1.250070e-03 1.014070e-03
7.600000e-01 1.975000e+00 1.591390e-03 1.265800e-03 1.031210e-03
7.600000e-01 2.000000e+00 1.604270e-03 1.281220e-03 1.048050e-03
7.600000e-01 2.025000e+00 1.616850e-03 1.296340e-03 1.064560e-03
7.600000e-01 2.050000e+00 1.629170e-03 1.311190e-03 1.080790e-03
7.600000e-01 2.075000e+00 1.641240e-03 1.325750e-03 1.096740e-03
7.600000e-01 2.100000e+00 1.653020e-03 1.340040e-03 1.112420e-03
7.600000e-01 2.125000e+00 1.664570e-03 1.354080e-03 1.127830e-03
7.600000e-01 2.150000e+00 1.675880e-03 1.367860e-03 1.142990e-03
7.600000e-01 2.175000e+00 1.686940e-03 1.381370e-03 1.157860e-03
7.600000e-01 2.200000e+00 1.697770e-03 1.394650e-03 1.172490e-03
7.600000e-01 2.225000e+00 1.708380e-03 1.407710e-03 1.186870e-03
7.600000e-01 2.250000e+00 1.718760e-03 1.420510e-03 1.201020e-03
7.600000e-01 2.275000e+00 1.728940e-03 1.433090e-03 1.214940e-03
7.600000e-01 2.300000e+00 1.738890e-03 1.445460e-03 1.228630e-03
7.600000e-01 2.325000e+00 1.748650e-03 1.457610e-03 1.242110e-03
7.600000e-01 2.350000e+00 1.758210e-03 1.469530e-03 1.255360e-03
7.600000e-01 2.375000e+00 1.767560e-03 1.481260e-03 1.268390e-03
7.600000e-01 2.400000e+00 1.776740e-03 1.492790e-03 1.281220e-03
7.600000e-01 2.425000e+00 1.785710e-03 1.504120e-03 1.293840e-03
7.600000e-01 2.450000e+00 1.794520e-03 1.515250e-03 1.306260e-03
7.600000e-01 2.475000e+00 1.803160e-03 1.526190e-03 1.318500e-03
7.600000e-01 2.500000e+00 1.811610e-03 1.536960e-03 1.330540e-03
7.800000e-01 1.250000e+00 1.039320e-03 6.366410e-04 3.594220e-04
7.800000e-01 1.275000e+00 1.065330e-03 6.657790e-04 3.903040e-04
7.800000e-01 1.300000e+00 1.090600e-03 6.941420e-04 4.203850e-04
7.800000e-01 1.325000e+00 1.115150e-03 7.218150e-04 4.497270e-04
7.800000e-01 1.350000e+00 1.139030e-03 7.487330e-04 4.783910e-04
7.800000e-01 1.375000e+00 1.162260e-03 7.750360e-04 5.063080e-04
7.800000e-01 1.400000e+00 1.184880e-03 8.006320e-04 5.336160e-04
7.800000e-01 1.425000e+00 1.206910e-03 8.256580e-04 5.602680e-04
7.800000e-01 1.450000e+00 1.228340e-03 8.500360e-04 5.862950e-04
7.800000e-01 1.475000e+00 1.249210e-03 8.738820e-04 6.117710e-04
7.800000e-01 1.500000e+00 1.269550e-03 8.971230e-04 6.366410e-04
7.800000e-01 1.525000e+00 1.289380e-03 9.198780e-04 6.609620e-04
7.800000e-01 1.550000e+00 1.308710e-03 9.420560e-04 6.847840e-04
7.800000e-01 1.575000e+00 1.327550e-03 9.637820e-04 7.080680e-04
7.800000e-01 1.600000e+00 1.345920e-03 9.849810e-04 7.308450e-04
7.800000e-01 1.625000e+00 1.363840e-03 1.005740e-03 7.531660e-04
7.800000e-01 1.650000e+00 1.381340e-03 1.026030e-03 7.750360e-04
7.800000e-01 1.675000e+00 1.398400e-03 1.045880e-03 7.964090e-04
7.800000e-01 1.700000e+00 1.415050e-03 1.065330e-03 8.173680e-04
7.800000e-01 1.725000e+00 1.431320e-03 1.084330e-03 8.379220e-04
7.800000e-01 1.750000e+00 1.447210e-03 1.102960e-03 8.580630e-04
7.800000e-01 1.775000e+00 1.462710e-03 1.121180e-03 8.777780e-04
7.800000e-01 1.800000e+00 1.477860e-03 1.139030e-03 8.971230e-04
7.800000e-01 1.825000e+00 1.492670e-03 1.156540e-03 9.161080e-04
7.800000e-01 1.850000e+00 1.507120e-03 1.173650e-03 9.347400e-04
7.800000e-01 1.875000e+00 1.521240e-03 1.190440e-03 9.529800e-04
7.800000e-01 1.900000e+00 1.535060e-03 1.206910e-03 9.708870e-04
7.800000e-01 1.925000e+00 1.548560e-03 1.223020e-03 9.884710e-04
7.800000e-01 1.950000e+00 1.561750e-03 1.238840e-03 1.005740e-03
7.800000e-01 1.975000e+00 1.574660e-03 1.254350e-03 1.022700e-03
7.800000e-01 2.000000e+00 1.587280e-03 1.269550e-03 1.039320e-03
7.800000e-01 2.025000e+00 1.599620e-03 1.284470e-03 1.055650e-03
7.800000e-01 2.050000e+00 1.611690e-03 1.299110e-03 1.071690e-03
7.800000e-01 2.075000e+00 1.623500e-03 1.313450e-03 1.087460e-03
7.800000e-01 2.100000e+00 1.635050e-03 1.327550e-03 1.102960e-03
7.800000e-01 2.125000e+00 1.646350e-03 1.341370e-03 1.118180e-03
7.800000e-01 2.150000e+00 1.657410e-03 1.354930e-03 1.133130e-03
7.800000e-01 2.175000e+00 1.668230e-03 1.368260e-03 1.147820e-03
7.800000e-01 2.200000e+00 1.678830e-03 1.381340e-03 1.162260e-03
7.800000e-01 2.225000e+00 1.689190e-03 1.394170e-03 1.176470e-03
7.800000e-01 2.250000e+00 1.699340e-03 1.406780e-03 1.190440e-03
7.800000e-01 2.275000e+00 1.709270e-03 1.419170e-03 1.204190e-03
7.800000e-01 2.300000e+00 1.718990e-03 1.431320e-03 1.217700e-03
7.800000e-01 2.325000e+00 1.728520e-03 1.443260e-03 1.230980e-03
7.800000e-01 2.350000e+00 1.737840e-03 1.455000e-03 1.244040e-03
7.800000e-01 2.375000e+00 1.746960e-03 1.466540e-03 1.256900e-03
7.800000e-01 2.400000e+00 1.755910e-03 1.477860e-03 1.269550e-03
7.800000e-01 2.425000e+00 1.764660e-03 1.488990e-03 1.282000e-03
7.800000e-01 2.450000e+00 1.773240e-03 1.499930e-03 1.294250e-03
7.800000e-01 2.475000e+00 1.781660e-03 1.510680e-03 1.306320e-03
7.800000e-01 2.500000e+00 1.789870e-03 1.521240e-03 1.318190e-03
8.000000e-01 1.250000e+00 1.030720e-03 6.320750e-04 3.570800e-04
8.000000e-01 1.275000e+00 1.056430e-03 6.609200e-04 3.876790e-04
8.000000e-01 1.300000e+00 1.081390e-03 6.890590e-04 4.175780e-04
8.000000e-01 1.325000e+00 1.105650e-03 7.164440e-04 4.466690e-04
8.000000e-01 1.350000e+00 1.129230e-03 7.431410e-04 4.750900e-04
8.000000e-01 1.375000e+00 1.152180e-03 7.691740e-04 5.028250e-04
8.000000e-01 1.400000e+00 1.174510e-03 7.945420e-04 5.298760e-04
8.000000e-01 1.425000e+00 1.196240e-03 8.193180e-04 5.563400e-04
8.000000e-01 1.450000e+00 1.217400e-03 8.434590e-04 5.821440e-04
8.000000e-01 1.475000e+00 1.237980e-03 8.670610e-04 6.073750e-04
8.000000e-01 1.500000e+00 1.258040e-03 8.900690e-04 6.320750e-04
8.000000e-01 1.525000e+00 1.277580e-03 9.125740e-04 6.561660e-04
8.000000e-01 1.550000e+00 1.296640e-03 9.345310e-04 6.797520e-04
8.000000e-01 1.575000e+00 1.315210e-03 9.560110e-04 7.028570e-04
8.000000e-01 1.600000e+00 1.333300e-03 9.769930e-04 7.254210e-04
8.000000e-01 1.625000e+00 1.350950e-03 9.975110e-04 7.475180e-04
8.000000e-01 1.650000e+00 1.368170e-03 1.017580e-03 7.691740e-04
8.000000e-01 1.675000e+00 1.384980e-03 1.037200e-03 7.903740e-04
8.000000e-01 1.700000e+00 1.401360e-03 1.056430e-03 8.111150e-04
8.000000e-01 1.725000e+00 1.417360e-03 1.075200e-03 8.314540e-04
8.000000e-01 1.750000e+00 1.432980e-03 1.093600e-03 8.514020e-04
8.000000e-01 1.775000e+00 1.448230e-03 1.111610e-03 8.709320e-04
8.000000e-01 1.800000e+00 1.463110e-03 1.129230e-03 8.900690e-04
8.000000e-01 1.825000e+00 1.477650e-03 1.146520e-03 9.088480e-04
8.000000e-01 1.850000e+00 1.491860e-03 1.163420e-03 9.272770e-04
8.000000e-01 1.875000e+00 1.505730e-03 1.180000e-03 9.453460e-04
8.000000e-01 1.900000e+00 1.519280e-03 1.196240e-03 9.630530e-04
8.000000e-01 1.925000e+00 1.532530e-03 1.212150e-03 9.804380e-04
8.000000e-01 1.950000e+00 1.545480e-03 1.227760e-03 9.975110e-04
8.000000e-01 1.975000e+00 1.558130e-03 1.243050e-03 1.014280e-03
8.000000e-01 2.000000e+00 1.570500e-03 1.258040e-03 1.030720e-03
8.000000e-01 2.025000e+00 1.582600e-03 1.272760e-03 1.046860e-03
8.000000e-01 2.050000e+00 1.594410e-03 1.287170e-03 1.062710e-03
8.000000e-01 2.075000e+00 1.605980e-03 1.301320e-03 1.078290e-03
8.000000e-01 2.100000e+00 1.617290e-03 1.315210e-03 1.093600e-03
8.000000e-01 2.125000e+00 1.628340e-03 1.328820e-03 1.108650e-03
8.000000e-01 2.150000e+00 1.639160e-03 1.342180e-03 1.123410e-03
8.000000e-01 2.175000e+00 1.649750e-03 1.355310e-03 1.137910e-03
8.000000e-01 2.200000e+00 1.660100e-03 1.368170e-03 1.152180e-03
8.000000e-01 2.225000e+00 1.670230e-03 1.380810e-03 1.166200e-03
8.000000e-01 2.250000e+00 1.680150e-03 1.393220e-03 1.180000e-03
8.000000e-01 2.275000e+00 1.689840e-03 1.405400e-03 1.193560e-03
8.000000e-01 2.300000e+00 1.699330e-03 1.417360e-03 1.206890e-03
8.000000e-01 2.325000e+00 1.708630e-03 1.429110e-03 1.219990e-03
8.000000e-01 2.350000e+00 1.717720e-03 1.440650e-03 1.232880e-03
8.000000e-01 2.375000e+00 1.726620e-03 1.451980e-03 1.245560e-03
8.000000e-01 2.400000e+00 1.735340e-03 1.463110e-03 1.258040e-03
8.000000e-01 2.425000e+00 1.743860e-03 1.474060e-03 1.270310e-03
8.000000e-01 2.450000e+00 1.752220e-03 1.484790e-03 1.282400e-03
8.000000e-01 2.475000e+00 1.760410e-03 1.495350e-03 1.294290e-03
8.000000e-01 2.500000e+00 1.768410e-03 1.505730e-03 1.305990e-03
