4.000000000000000222e-01 1.199999999999999956e-01 4.234999999999999941e-05
4.000000000000000222e-01 1.600000000000000033e-01 1.221000000000000134e-04
4.000000000000000222e-01 2.000000000000000111e-01 1.953000000000000038e-04
4.000000000000000222e-01 2.399999999999999911e-01 2.620000000000000258e-04
4.000000000000000222e-01 2.800000000000000266e-01 3.222999999999999737e-04
4.000000000000000222e-01 3.200000000000000067e-01 3.763999999999999876e-04
4.000000000000000222e-01 3.599999999999999867e-01 4.248000000000000257e-04
4.000000000000000222e-01 4.000000000000000222e-01 4.680999999999999940e-04
4.500000000000000111e-01 1.350000000000000089e-01 4.635000000000000177e-05
4.500000000000000111e-01 1.799999999999999933e-01 1.328000000000000025e-04
4.500000000000000111e-01 2.250000000000000056e-01 2.110000000000000059e-04
4.500000000000000111e-01 2.700000000000000178e-01 2.809999999999999998e-04
4.500000000000000111e-01 3.150000000000000022e-01 3.432999999999999962e-04
4.500000000000000111e-01 3.599999999999999867e-01 3.981999999999999754e-04
4.500000000000000111e-01 4.050000000000000266e-01 4.463000000000000062e-04
4.500000000000000111e-01 4.500000000000000111e-01 4.885000000000000019e-04
5.000000000000000000e-01 1.499999999999999944e-01 5.008000000000000163e-05
5.000000000000000000e-01 2.000000000000000111e-01 1.424999999999999943e-04
5.000000000000000000e-01 2.500000000000000000e-01 2.248999999999999914e-04
5.000000000000000000e-01 2.999999999999999889e-01 2.974000000000000189e-04
5.000000000000000000e-01 3.499999999999999778e-01 3.605999999999999830e-04
5.000000000000000000e-01 4.000000000000000222e-01 4.153000000000000116e-04
5.000000000000000000e-01 4.500000000000000111e-01 4.624000000000000180e-04
5.000000000000000000e-01 5.000000000000000000e-01 5.031000000000000315e-04
5.500000000000000444e-01 1.650000000000000078e-01 5.352000000000000258e-05
5.500000000000000444e-01 2.200000000000000011e-01 1.512999999999999914e-04
5.500000000000000444e-01 2.750000000000000222e-01 2.370999999999999898e-04
5.500000000000000444e-01 3.300000000000000155e-01 3.111999999999999749e-04
5.500000000000000444e-01 3.850000000000000089e-01 3.742999999999999908e-04
5.500000000000000444e-01 4.400000000000000022e-01 4.280999999999999975e-04
5.500000000000000444e-01 4.949999999999999956e-01 4.739999999999999747e-04
5.500000000000000444e-01 5.500000000000000444e-01 5.129000000000000529e-04
5.999999999999999778e-01 1.799999999999999933e-01 5.669000000000000102e-05
5.999999999999999778e-01 2.399999999999999911e-01 1.590999999999999912e-04
5.999999999999999778e-01 2.999999999999999889e-01 2.472999999999999938e-04
5.999999999999999778e-01 3.599999999999999867e-01 3.220000000000000206e-04
5.999999999999999778e-01 4.199999999999999845e-01 3.848999999999999774e-04
5.999999999999999778e-01 4.799999999999999822e-01 4.375000000000000091e-04
5.999999999999999778e-01 5.400000000000000355e-01 4.813999999999999920e-04
5.999999999999999778e-01 5.999999999999999778e-01 5.178999999999999576e-04
6.500000000000000222e-01 1.950000000000000067e-01 5.958999999999999698e-05
6.500000000000000222e-01 2.600000000000000089e-01 1.659999999999999963e-04
6.500000000000000222e-01 3.250000000000000111e-01 2.558999999999999860e-04
6.500000000000000222e-01 3.900000000000000133e-01 3.307000000000000152e-04
6.500000000000000222e-01 4.550000000000000155e-01 3.926000000000000019e-04
6.500000000000000222e-01 5.200000000000000178e-01 4.435999999999999947e-04
6.500000000000000222e-01 5.849999999999999645e-01 4.852999999999999784e-04
6.500000000000000222e-01 6.500000000000000222e-01 5.197999999999999496e-04
6.999999999999999556e-01 2.099999999999999922e-01 6.218999999999999919e-05
6.999999999999999556e-01 2.800000000000000266e-01 1.720000000000000066e-04
6.999999999999999556e-01 3.499999999999999778e-01 2.627999999999999911e-04
6.999999999999999556e-01 4.199999999999999845e-01 3.374000000000000154e-04
6.999999999999999556e-01 4.899999999999999911e-01 3.978000000000000199e-04
6.999999999999999556e-01 5.600000000000000533e-01 4.470000000000000232e-04
6.999999999999999556e-01 6.300000000000000044e-01 4.864000000000000051e-04
6.999999999999999556e-01 6.999999999999999556e-01 5.182000000000000191e-04
7.500000000000000000e-01 2.250000000000000056e-01 6.451999999999999890e-05
7.500000000000000000e-01 2.999999999999999889e-01 1.768999999999999902e-04
7.500000000000000000e-01 3.750000000000000000e-01 2.684000000000000188e-04
7.500000000000000000e-01 4.500000000000000111e-01 3.420000000000000188e-04
7.500000000000000000e-01 5.250000000000000222e-01 4.007999999999999844e-04
7.500000000000000000e-01 5.999999999999999778e-01 4.475999999999999836e-04
7.500000000000000000e-01 6.750000000000000444e-01 4.847000000000000180e-04
7.500000000000000000e-01 7.500000000000000000e-01 5.144999999999999834e-04
8.000000000000000444e-01 2.399999999999999911e-01 6.661000000000000091e-05
8.000000000000000444e-01 3.200000000000000067e-01 1.810000000000000085e-04
8.000000000000000444e-01 4.000000000000000222e-01 2.727000000000000149e-04
8.000000000000000444e-01 4.799999999999999822e-01 3.449999999999999833e-04
8.000000000000000444e-01 5.600000000000000533e-01 4.021000000000000160e-04
8.000000000000000444e-01 6.400000000000000133e-01 4.463000000000000062e-04
8.000000000000000444e-01 7.199999999999999734e-01 4.811999999999999871e-04
8.000000000000000444e-01 8.000000000000000444e-01 5.090000000000000123e-04
