4.000000000000000222e-01 1.199999999999999956e-01 3.487000000000000191e-04
4.000000000000000222e-01 1.600000000000000033e-01 8.417000000000000219e-04
4.000000000000000222e-01 2.000000000000000111e-01 1.178999999999999927e-03
4.000000000000000222e-01 2.399999999999999911e-01 1.422000000000000087e-03
4.000000000000000222e-01 2.800000000000000266e-01 1.603000000000000041e-03
4.000000000000000222e-01 3.200000000000000067e-01 1.740999999999999926e-03
4.000000000000000222e-01 3.599999999999999867e-01 1.848000000000000033e-03
4.000000000000000222e-01 4.000000000000000222e-01 1.933000000000000039e-03
4.500000000000000111e-01 1.350000000000000089e-01 3.295999999999999885e-04
4.500000000000000111e-01 1.799999999999999933e-01 7.960999999999999978e-04
4.500000000000000111e-01 2.250000000000000056e-01 1.111000000000000008e-03
4.500000000000000111e-01 2.700000000000000178e-01 1.332999999999999984e-03
4.500000000000000111e-01 3.150000000000000022e-01 1.495999999999999934e-03
4.500000000000000111e-01 3.599999999999999867e-01 1.618999999999999996e-03
4.500000000000000111e-01 4.050000000000000266e-01 1.714000000000000029e-03
4.500000000000000111e-01 4.500000000000000111e-01 1.788000000000000093e-03
5.000000000000000000e-01 1.499999999999999944e-01 3.139999999999999888e-04
5.000000000000000000e-01 2.000000000000000111e-01 7.563999999999999543e-04
5.000000000000000000e-01 2.500000000000000000e-01 1.049000000000000019e-03
5.000000000000000000e-01 2.999999999999999889e-01 1.252999999999999991e-03
5.000000000000000000e-01 3.499999999999999778e-01 1.400999999999999902e-03
5.000000000000000000e-01 4.000000000000000222e-01 1.510000000000000057e-03
5.000000000000000000e-01 4.500000000000000111e-01 1.595000000000000064e-03
5.000000000000000000e-01 5.000000000000000000e-01 1.660000000000000017e-03
5.500000000000000444e-01 1.650000000000000078e-01 3.004999999999999859e-04
5.500000000000000444e-01 2.200000000000000011e-01 7.198999999999999887e-04
5.500000000000000444e-01 2.750000000000000222e-01 9.924000000000000529e-04
5.500000000000000444e-01 3.300000000000000155e-01 1.180000000000000059e-03
5.500000000000000444e-01 3.850000000000000089e-01 1.312999999999999931e-03
5.500000000000000444e-01 4.400000000000000022e-01 1.412000000000000061e-03
5.500000000000000444e-01 4.949999999999999956e-01 1.487000000000000040e-03
5.500000000000000444e-01 5.500000000000000444e-01 1.544999999999999932e-03
5.999999999999999778e-01 1.799999999999999933e-01 2.884000000000000170e-04
5.999999999999999778e-01 2.399999999999999911e-01 6.851999999999999584e-04
5.999999999999999778e-01 2.999999999999999889e-01 9.393000000000000091e-04
5.999999999999999778e-01 3.599999999999999867e-01 1.111000000000000008e-03
5.999999999999999778e-01 4.199999999999999845e-01 1.232999999999999938e-03
5.999999999999999778e-01 4.799999999999999822e-01 1.322000000000000041e-03
5.999999999999999778e-01 5.400000000000000355e-01 1.389000000000000044e-03
5.999999999999999778e-01 5.999999999999999778e-01 1.441000000000000007e-03
6.500000000000000222e-01 1.950000000000000067e-01 2.763999999999999964e-04
6.500000000000000222e-01 2.600000000000000089e-01 6.522000000000000236e-04
6.500000000000000222e-01 3.250000000000000111e-01 8.888000000000000284e-04
6.500000000000000222e-01 3.900000000000000133e-01 1.046999999999999971e-03
6.500000000000000222e-01 4.550000000000000155e-01 1.157999999999999958e-03
6.500000000000000222e-01 5.200000000000000178e-01 1.239000000000000084e-03
6.500000000000000222e-01 5.849999999999999645e-01 1.299000000000000024e-03
6.500000000000000222e-01 6.500000000000000222e-01 1.345000000000000058e-03
6.999999999999999556e-01 2.099999999999999922e-01 2.649999999999999903e-04
6.999999999999999556e-01 2.800000000000000266e-01 6.204000000000000096e-04
6.999999999999999556e-01 3.499999999999999778e-01 8.411000000000000074e-04
6.999999999999999556e-01 4.199999999999999845e-01 9.874000000000000398e-04
6.999999999999999556e-01 4.899999999999999911e-01 1.088999999999999907e-03
6.999999999999999556e-01 5.600000000000000533e-01 1.162000000000000055e-03
6.999999999999999556e-01 6.300000000000000044e-01 1.216999999999999983e-03
6.999999999999999556e-01 6.999999999999999556e-01 1.258000000000000004e-03
7.500000000000000000e-01 2.250000000000000056e-01 2.538999999999999916e-04
7.500000000000000000e-01 2.999999999999999889e-01 5.900999999999999778e-04
7.500000000000000000e-01 3.750000000000000000e-01 7.963000000000000026e-04
7.500000000000000000e-01 4.500000000000000111e-01 9.315000000000000363e-04
7.500000000000000000e-01 5.250000000000000222e-01 1.025000000000000086e-03
7.500000000000000000e-01 5.999999999999999778e-01 1.092000000000000089e-03
7.500000000000000000e-01 6.750000000000000444e-01 1.141000000000000087e-03
7.500000000000000000e-01 7.500000000000000000e-01 1.178000000000000011e-03
8.000000000000000444e-01 2.399999999999999911e-01 2.427999999999999928e-04
8.000000000000000444e-01 3.200000000000000067e-01 5.613000000000000368e-04
8.000000000000000444e-01 4.000000000000000222e-01 7.542000000000000093e-04
8.000000000000000444e-01 4.799999999999999822e-01 8.794999999999999650e-04
8.000000000000000444e-01 5.600000000000000533e-01 9.654000000000000472e-04
8.000000000000000444e-01 6.400000000000000133e-01 1.026000000000000002e-03
8.000000000000000444e-01 7.199999999999999734e-01 1.070999999999999903e-03
8.000000000000000444e-01 8.000000000000000444e-01 1.103999999999999947e-03
