4.000000000000000222e-01 1.199999999999999956e-01 2.334999999999999836e-05
4.000000000000000222e-01 1.600000000000000033e-01 6.732999999999999402e-05
4.000000000000000222e-01 2.000000000000000111e-01 1.085999999999999970e-04
4.000000000000000222e-01 2.399999999999999911e-01 1.474000000000000050e-04
4.000000000000000222e-01 2.800000000000000266e-01 1.836999999999999929e-04
4.000000000000000222e-01 3.200000000000000067e-01 2.178000000000000086e-04
4.000000000000000222e-01 3.599999999999999867e-01 2.496999999999999979e-04
4.000000000000000222e-01 4.000000000000000222e-01 2.794000000000000151e-04
4.500000000000000111e-01 1.350000000000000089e-01 2.551000000000000140e-05
4.500000000000000111e-01 1.799999999999999933e-01 7.357999999999999686e-05
4.500000000000000111e-01 2.250000000000000056e-01 1.184000000000000048e-04
4.500000000000000111e-01 2.700000000000000178e-01 1.600999999999999884e-04
4.500000000000000111e-01 3.150000000000000022e-01 1.989000000000000100e-04
4.500000000000000111e-01 3.599999999999999867e-01 2.349999999999999930e-04
4.500000000000000111e-01 4.050000000000000266e-01 2.683000000000000163e-04
4.500000000000000111e-01 4.500000000000000111e-01 2.990000000000000036e-04
5.000000000000000000e-01 1.499999999999999944e-01 2.763999999999999964e-05
5.000000000000000000e-01 2.000000000000000111e-01 7.961000000000000520e-05
5.000000000000000000e-01 2.500000000000000000e-01 1.276999999999999869e-04
5.000000000000000000e-01 2.999999999999999889e-01 1.720000000000000066e-04
5.000000000000000000e-01 3.499999999999999778e-01 2.128999999999999979e-04
5.000000000000000000e-01 4.000000000000000222e-01 2.504000000000000149e-04
5.000000000000000000e-01 4.500000000000000111e-01 2.846999999999999813e-04
5.000000000000000000e-01 5.000000000000000000e-01 3.158999999999999807e-04
5.500000000000000444e-01 1.650000000000000078e-01 2.970999999999999845e-05
5.500000000000000444e-01 2.200000000000000011e-01 8.532999999999999786e-05
5.500000000000000444e-01 2.750000000000000222e-01 1.363000000000000062e-04
5.500000000000000444e-01 3.300000000000000155e-01 1.829000000000000005e-04
5.500000000000000444e-01 3.850000000000000089e-01 2.255000000000000060e-04
5.500000000000000444e-01 4.400000000000000022e-01 2.640000000000000202e-04
5.500000000000000444e-01 4.949999999999999956e-01 2.990000000000000036e-04
5.500000000000000444e-01 5.500000000000000444e-01 3.305000000000000103e-04
5.999999999999999778e-01 1.799999999999999933e-01 3.164999999999999682e-05
5.999999999999999778e-01 2.399999999999999911e-01 9.074000000000000197e-05
5.999999999999999778e-01 2.999999999999999889e-01 1.444000000000000134e-04
5.999999999999999778e-01 3.599999999999999867e-01 1.930000000000000021e-04
5.999999999999999778e-01 4.199999999999999845e-01 2.369000000000000120e-04
5.999999999999999778e-01 4.799999999999999822e-01 2.760999999999999891e-04
5.999999999999999778e-01 5.400000000000000355e-01 3.112999999999999773e-04
5.999999999999999778e-01 5.999999999999999778e-01 3.425999999999999792e-04
6.500000000000000222e-01 1.950000000000000067e-01 3.356999999999999877e-05
6.500000000000000222e-01 2.600000000000000089e-01 9.582000000000000077e-05
6.500000000000000222e-01 3.250000000000000111e-01 1.518000000000000035e-04
6.500000000000000222e-01 3.900000000000000133e-01 2.021000000000000064e-04
6.500000000000000222e-01 4.550000000000000155e-01 2.467999999999999816e-04
6.500000000000000222e-01 5.200000000000000178e-01 2.865999999999999733e-04
6.500000000000000222e-01 5.849999999999999645e-01 3.218000000000000157e-04
6.500000000000000222e-01 6.500000000000000222e-01 3.528000000000000103e-04
6.999999999999999556e-01 2.099999999999999922e-01 3.541000000000000148e-05
6.999999999999999556e-01 2.800000000000000266e-01 1.006000000000000058e-04
6.999999999999999556e-01 3.499999999999999778e-01 1.587000000000000086e-04
6.999999999999999556e-01 4.199999999999999845e-01 2.102999999999999889e-04
6.999999999999999556e-01 4.899999999999999911e-01 2.557999999999999836e-04
6.999999999999999556e-01 5.600000000000000533e-01 2.955999999999999752e-04
6.999999999999999556e-01 6.300000000000000044e-01 3.306000000000000128e-04
6.999999999999999556e-01 6.999999999999999556e-01 3.609999999999999928e-04
7.500000000000000000e-01 2.250000000000000056e-01 3.712999999999999856e-05
7.500000000000000000e-01 2.999999999999999889e-01 1.050000000000000044e-04
7.500000000000000000e-01 3.750000000000000000e-01 1.649999999999999991e-04
7.500000000000000000e-01 4.500000000000000111e-01 2.176000000000000037e-04
7.500000000000000000e-01 5.250000000000000222e-01 2.634000000000000057e-04
7.500000000000000000e-01 5.999999999999999778e-01 3.031999999999999973e-04
7.500000000000000000e-01 6.750000000000000444e-01 3.377000000000000227e-04
7.500000000000000000e-01 7.500000000000000000e-01 3.672999999999999833e-04
8.000000000000000444e-01 2.399999999999999911e-01 3.877000000000000319e-05
8.000000000000000444e-01 3.200000000000000067e-01 1.091999999999999980e-04
8.000000000000000444e-01 4.000000000000000222e-01 1.708000000000000046e-04
8.000000000000000444e-01 4.799999999999999822e-01 2.240999999999999991e-04
8.000000000000000444e-01 5.600000000000000533e-01 2.701000000000000059e-04
8.000000000000000444e-01 6.400000000000000133e-01 3.096999999999999927e-04
8.000000000000000444e-01 7.199999999999999734e-01 3.432999999999999962e-04
8.000000000000000444e-01 8.000000000000000444e-01 3.719999999999999891e-04
