4.000000000000000222e-01 1.199999999999999956e-01 1.301000000000000080e-05
4.000000000000000222e-01 1.600000000000000033e-01 3.461999999999999718e-05
4.000000000000000222e-01 2.000000000000000111e-01 5.133999999999999973e-05
4.000000000000000222e-01 2.399999999999999911e-01 6.446000000000000286e-05
4.000000000000000222e-01 2.800000000000000266e-01 7.448000000000000518e-05
4.000000000000000222e-01 3.200000000000000067e-01 8.228000000000000504e-05
4.000000000000000222e-01 3.599999999999999867e-01 8.830000000000000500e-05
4.000000000000000222e-01 4.000000000000000222e-01 9.296999999999999926e-05
4.500000000000000111e-01 1.350000000000000089e-01 1.340000000000000045e-05
4.500000000000000111e-01 1.799999999999999933e-01 3.521999999999999822e-05
4.500000000000000111e-01 2.250000000000000056e-01 5.152000000000000140e-05
4.500000000000000111e-01 2.700000000000000178e-01 6.378000000000000260e-05
4.500000000000000111e-01 3.150000000000000022e-01 7.302000000000000222e-05
4.500000000000000111e-01 3.599999999999999867e-01 7.985999999999999772e-05
4.500000000000000111e-01 4.050000000000000266e-01 8.513000000000000656e-05
4.500000000000000111e-01 4.500000000000000111e-01 8.872999999999999919e-05
5.000000000000000000e-01 1.499999999999999944e-01 1.368999999999999937e-05
5.000000000000000000e-01 2.000000000000000111e-01 3.534999999999999867e-05
5.000000000000000000e-01 2.500000000000000000e-01 5.115000000000000324e-05
5.000000000000000000e-01 2.999999999999999889e-01 6.260999999999999855e-05
5.000000000000000000e-01 3.499999999999999778e-01 7.084000000000000615e-05
5.000000000000000000e-01 4.000000000000000222e-01 7.695000000000000017e-05
5.000000000000000000e-01 4.500000000000000111e-01 8.111999999999999582e-05
5.000000000000000000e-01 5.000000000000000000e-01 8.406999999999999976e-05
5.500000000000000444e-01 1.650000000000000078e-01 1.383999999999999963e-05
5.500000000000000444e-01 2.200000000000000011e-01 3.509999999999999936e-05
5.500000000000000444e-01 2.750000000000000222e-01 5.014999999999999927e-05
5.500000000000000444e-01 3.300000000000000155e-01 6.069999999999999821e-05
5.500000000000000444e-01 3.850000000000000089e-01 6.813999999999999474e-05
5.500000000000000444e-01 4.400000000000000022e-01 7.330000000000000632e-05
5.500000000000000444e-01 4.949999999999999956e-01 7.671000000000000247e-05
5.500000000000000444e-01 5.500000000000000444e-01 7.880000000000000448e-05
5.999999999999999778e-01 1.799999999999999933e-01 1.382999999999999972e-05
5.999999999999999778e-01 2.399999999999999911e-01 3.473000000000000121e-05
5.999999999999999778e-01 2.999999999999999889e-01 4.887999999999999957e-05
5.999999999999999778e-01 3.599999999999999867e-01 5.852000000000000214e-05
5.999999999999999778e-01 4.199999999999999845e-01 6.501000000000000268e-05
5.999999999999999778e-01 4.799999999999999822e-01 6.931999999999999360e-05
5.999999999999999778e-01 5.400000000000000355e-01 7.197999999999999863e-05
5.999999999999999778e-01 5.999999999999999778e-01 7.320999999999999871e-05
6.500000000000000222e-01 1.950000000000000067e-01 1.376000000000000039e-05
6.500000000000000222e-01 2.600000000000000089e-01 3.402000000000000293e-05
6.500000000000000222e-01 3.250000000000000111e-01 4.721999999999999852e-05
6.500000000000000222e-01 3.900000000000000133e-01 5.608999999999999999e-05
6.500000000000000222e-01 4.550000000000000155e-01 6.174999999999999662e-05
6.500000000000000222e-01 5.200000000000000178e-01 6.525999999999999520e-05
6.500000000000000222e-01 5.849999999999999645e-01 6.689999999999999983e-05
6.500000000000000222e-01 6.500000000000000222e-01 6.740999999999999325e-05
6.999999999999999556e-01 2.099999999999999922e-01 1.352999999999999921e-05
6.999999999999999556e-01 2.800000000000000266e-01 3.307000000000000017e-05
6.999999999999999556e-01 3.499999999999999778e-01 4.554000000000000105e-05
6.999999999999999556e-01 4.199999999999999845e-01 5.336999999999999893e-05
6.999999999999999556e-01 4.899999999999999911e-01 5.828999999999999926e-05
6.999999999999999556e-01 5.600000000000000533e-01 6.082999999999999866e-05
6.999999999999999556e-01 6.300000000000000044e-01 6.181000000000000621e-05
6.999999999999999556e-01 6.999999999999999556e-01 6.203000000000000072e-05
7.500000000000000000e-01 2.250000000000000056e-01 1.327999999999999991e-05
7.500000000000000000e-01 2.999999999999999889e-01 3.198999999999999695e-05
7.500000000000000000e-01 3.750000000000000000e-01 4.360000000000000269e-05
7.500000000000000000e-01 4.500000000000000111e-01 5.054000000000000061e-05
7.500000000000000000e-01 5.250000000000000222e-01 5.467999999999999825e-05
7.500000000000000000e-01 5.999999999999999778e-01 5.633999999999999929e-05
7.500000000000000000e-01 6.750000000000000444e-01 5.674000000000000224e-05
7.500000000000000000e-01 7.500000000000000000e-01 5.674000000000000224e-05
8.000000000000000444e-01 2.399999999999999911e-01 1.306000000000000032e-05
8.000000000000000444e-01 3.200000000000000067e-01 3.087000000000000090e-05
8.000000000000000444e-01 4.000000000000000222e-01 4.157999999999999831e-05
8.000000000000000444e-01 4.799999999999999822e-01 4.771999999999999712e-05
8.000000000000000444e-01 5.600000000000000533e-01 5.089000000000000235e-05
8.000000000000000444e-01 6.400000000000000133e-01 5.187000000000000313e-05
8.000000000000000444e-01 7.199999999999999734e-01 5.203000000000000159e-05
8.000000000000000444e-01 8.000000000000000444e-01 5.196999999999999878e-05
