4.000000000000000222e-01 1.199999999999999956e-01 2.192000000000000019e-05
4.000000000000000222e-01 1.600000000000000033e-01 6.336000000000000323e-05
4.000000000000000222e-01 2.000000000000000111e-01 1.019999999999999992e-04
4.000000000000000222e-01 2.399999999999999911e-01 1.379999999999999933e-04
4.000000000000000222e-01 2.800000000000000266e-01 1.712999999999999896e-04
4.000000000000000222e-01 3.200000000000000067e-01 2.020000000000000040e-04
4.000000000000000222e-01 3.599999999999999867e-01 2.303999999999999896e-04
4.000000000000000222e-01 4.000000000000000222e-01 2.565000000000000006e-04
4.500000000000000111e-01 1.350000000000000089e-01 2.402999999999999863e-05
4.500000000000000111e-01 1.799999999999999933e-01 6.923999999999999437e-05
4.500000000000000111e-01 2.250000000000000056e-01 1.110000000000000011e-04
4.500000000000000111e-01 2.700000000000000178e-01 1.492999999999999969e-04
4.500000000000000111e-01 3.150000000000000022e-01 1.845000000000000123e-04
4.500000000000000111e-01 3.599999999999999867e-01 2.166000000000000065e-04
4.500000000000000111e-01 4.050000000000000266e-01 2.458000000000000115e-04
4.500000000000000111e-01 4.500000000000000111e-01 2.722000000000000027e-04
5.000000000000000000e-01 1.499999999999999944e-01 2.602999999999999981e-05
5.000000000000000000e-01 2.000000000000000111e-01 7.475000000000000091e-05
5.000000000000000000e-01 2.500000000000000000e-01 1.191999999999999971e-04
5.000000000000000000e-01 2.999999999999999889e-01 1.597000000000000058e-04
5.000000000000000000e-01 3.499999999999999778e-01 1.963000000000000010e-04
5.000000000000000000e-01 4.000000000000000222e-01 2.291999999999999875e-04
5.000000000000000000e-01 4.500000000000000111e-01 2.586999999999999998e-04
5.000000000000000000e-01 5.000000000000000000e-01 2.849999999999999886e-04
5.500000000000000444e-01 1.650000000000000078e-01 2.792999999999999856e-05
5.500000000000000444e-01 2.200000000000000011e-01 7.988999999999999574e-05
5.500000000000000444e-01 2.750000000000000222e-01 1.267999999999999921e-04
5.500000000000000444e-01 3.300000000000000155e-01 1.689000000000000126e-04
5.500000000000000444e-01 3.850000000000000089e-01 2.065000000000000049e-04
5.500000000000000444e-01 4.400000000000000022e-01 2.399000000000000036e-04
5.500000000000000444e-01 4.949999999999999956e-01 2.692999999999999864e-04
5.500000000000000444e-01 5.500000000000000444e-01 2.954000000000000245e-04
5.999999999999999778e-01 1.799999999999999933e-01 2.975999999999999967e-05
5.999999999999999778e-01 2.399999999999999911e-01 8.462999999999999440e-05
5.999999999999999778e-01 2.999999999999999889e-01 1.336999999999999972e-04
5.999999999999999778e-01 3.599999999999999867e-01 1.770999999999999951e-04
5.999999999999999778e-01 4.199999999999999845e-01 2.154000000000000044e-04
5.999999999999999778e-01 4.799999999999999822e-01 2.488999999999999785e-04
5.999999999999999778e-01 5.400000000000000355e-01 2.779999999999999811e-04
5.999999999999999778e-01 5.999999999999999778e-01 3.035000000000000046e-04
6.500000000000000222e-01 1.950000000000000067e-01 3.146000000000000033e-05
6.500000000000000222e-01 2.600000000000000089e-01 8.904000000000000131e-05
6.500000000000000222e-01 3.250000000000000111e-01 1.398000000000000100e-04
6.500000000000000222e-01 3.900000000000000133e-01 1.843000000000000074e-04
6.500000000000000222e-01 4.550000000000000155e-01 2.228999999999999970e-04
6.500000000000000222e-01 5.200000000000000178e-01 2.560999999999999908e-04
6.500000000000000222e-01 5.849999999999999645e-01 2.848999999999999862e-04
6.500000000000000222e-01 6.500000000000000222e-01 3.094999999999999878e-04
6.999999999999999556e-01 2.099999999999999922e-01 3.305999999999999857e-05
6.999999999999999556e-01 2.800000000000000266e-01 9.304999999999999849e-05
6.999999999999999556e-01 3.499999999999999778e-01 1.454000000000000106e-04
6.999999999999999556e-01 4.199999999999999845e-01 1.904999999999999955e-04
6.999999999999999556e-01 4.899999999999999911e-01 2.290000000000000098e-04
6.999999999999999556e-01 5.600000000000000533e-01 2.620000000000000258e-04
6.999999999999999556e-01 6.300000000000000044e-01 2.900000000000000017e-04
6.999999999999999556e-01 6.999999999999999556e-01 3.136999999999999815e-04
7.500000000000000000e-01 2.250000000000000056e-01 3.453999999999999795e-05
7.500000000000000000e-01 2.999999999999999889e-01 9.673000000000000391e-05
7.500000000000000000e-01 3.750000000000000000e-01 1.501999999999999917e-04
7.500000000000000000e-01 4.500000000000000111e-01 1.957999999999999888e-04
7.500000000000000000e-01 5.250000000000000222e-01 2.342000000000000006e-04
7.500000000000000000e-01 5.999999999999999778e-01 2.665000000000000268e-04
7.500000000000000000e-01 6.750000000000000444e-01 2.935999999999999808e-04
7.500000000000000000e-01 7.500000000000000000e-01 3.162999999999999905e-04
8.000000000000000444e-01 2.399999999999999911e-01 3.592000000000000168e-05
8.000000000000000444e-01 3.200000000000000067e-01 1.000000000000000048e-04
8.000000000000000444e-01 4.000000000000000222e-01 1.544999999999999878e-04
8.000000000000000444e-01 4.799999999999999822e-01 2.001999999999999873e-04
8.000000000000000444e-01 5.600000000000000533e-01 2.381999999999999894e-04
8.000000000000000444e-01 6.400000000000000133e-01 2.697999999999999986e-04
8.000000000000000444e-01 7.199999999999999734e-01 2.958999999999999825e-04
8.000000000000000444e-01 8.000000000000000444e-01 3.173000000000000148e-04
