4.000000000000000222e-01 1.199999999999999956e-01 7.615000000000000360e-07
4.000000000000000222e-01 1.600000000000000033e-01 1.373000000000000026e-06
4.000000000000000222e-01 2.000000000000000111e-01 1.557999999999999949e-06
4.000000000000000222e-01 2.399999999999999911e-01 1.613000000000000057e-06
4.000000000000000222e-01 2.800000000000000266e-01 1.630000000000000064e-06
4.000000000000000222e-01 3.200000000000000067e-01 1.633999999999999941e-06
4.000000000000000222e-01 3.599999999999999867e-01 1.635000000000000016e-06
4.000000000000000222e-01 4.000000000000000222e-01 1.633000000000000078e-06
4.500000000000000111e-01 1.350000000000000089e-01 5.531999999999999508e-07
4.500000000000000111e-01 1.799999999999999933e-01 9.645000000000000405e-07
4.500000000000000111e-01 2.250000000000000056e-01 1.067999999999999981e-06
4.500000000000000111e-01 2.700000000000000178e-01 1.095000000000000104e-06
4.500000000000000111e-01 3.150000000000000022e-01 1.103999999999999933e-06
4.500000000000000111e-01 3.599999999999999867e-01 1.106999999999999947e-06
4.500000000000000111e-01 4.050000000000000266e-01 1.108000000000000022e-06
4.500000000000000111e-01 4.500000000000000111e-01 1.106000000000000083e-06
5.000000000000000000e-01 1.499999999999999944e-01 4.019000000000000188e-07
5.000000000000000000e-01 2.000000000000000111e-01 6.713000000000000356e-07
5.000000000000000000e-01 2.500000000000000000e-01 7.307999999999999530e-07
5.000000000000000000e-01 2.999999999999999889e-01 7.423999999999999774e-07
5.000000000000000000e-01 3.499999999999999778e-01 7.498000000000000040e-07
5.000000000000000000e-01 4.000000000000000222e-01 7.513000000000000108e-07
5.000000000000000000e-01 4.500000000000000111e-01 7.514000000000000183e-07
5.000000000000000000e-01 5.000000000000000000e-01 7.524999999999999951e-07
5.500000000000000444e-01 1.650000000000000078e-01 2.885000000000000224e-07
5.500000000000000444e-01 2.200000000000000011e-01 4.658000000000000020e-07
5.500000000000000444e-01 2.750000000000000222e-01 5.004000000000000074e-07
5.500000000000000444e-01 3.300000000000000155e-01 5.090000000000000183e-07
5.500000000000000444e-01 3.850000000000000089e-01 5.099999999999999875e-07
5.500000000000000444e-01 4.400000000000000022e-01 5.125999999999999711e-07
5.500000000000000444e-01 4.949999999999999956e-01 5.108999999999999492e-07
5.500000000000000444e-01 5.500000000000000444e-01 5.136999999999999478e-07
5.999999999999999778e-01 1.799999999999999933e-01 2.065000000000000028e-07
5.999999999999999778e-01 2.399999999999999911e-01 3.236000000000000125e-07
5.999999999999999778e-01 2.999999999999999889e-01 3.437999999999999948e-07
5.999999999999999778e-01 3.599999999999999867e-01 3.486999999999999924e-07
5.999999999999999778e-01 4.199999999999999845e-01 3.494999999999999995e-07
5.999999999999999778e-01 4.799999999999999822e-01 3.511000000000000139e-07
5.999999999999999778e-01 5.400000000000000355e-01 3.498000000000000221e-07
5.999999999999999778e-01 5.999999999999999778e-01 3.506999999999999838e-07
6.500000000000000222e-01 1.950000000000000067e-01 1.466000000000000025e-07
6.500000000000000222e-01 2.600000000000000089e-01 2.246999999999999937e-07
6.500000000000000222e-01 3.250000000000000111e-01 2.372000000000000064e-07
6.500000000000000222e-01 3.900000000000000133e-01 2.397000000000000090e-07
6.500000000000000222e-01 4.550000000000000155e-01 2.410000000000000007e-07
6.500000000000000222e-01 5.200000000000000178e-01 2.415999999999999929e-07
6.500000000000000222e-01 5.849999999999999645e-01 2.419000000000000154e-07
6.500000000000000222e-01 6.500000000000000222e-01 2.406000000000000236e-07
6.999999999999999556e-01 2.099999999999999922e-01 1.052000000000000023e-07
6.999999999999999556e-01 2.800000000000000266e-01 1.559000000000000130e-07
6.999999999999999556e-01 3.499999999999999778e-01 1.647000000000000123e-07
6.999999999999999556e-01 4.199999999999999845e-01 1.654999999999999930e-07
6.999999999999999556e-01 4.899999999999999911e-01 1.668000000000000113e-07
6.999999999999999556e-01 5.600000000000000533e-01 1.672999999999999959e-07
6.999999999999999556e-01 6.300000000000000044e-01 1.678000000000000070e-07
6.999999999999999556e-01 6.999999999999999556e-01 1.674000000000000034e-07
7.500000000000000000e-01 2.250000000000000056e-01 7.549999999999999447e-08
7.500000000000000000e-01 2.999999999999999889e-01 1.084999999999999988e-07
7.500000000000000000e-01 3.750000000000000000e-01 1.144000000000000053e-07
7.500000000000000000e-01 4.500000000000000111e-01 1.149000000000000032e-07
7.500000000000000000e-01 5.250000000000000222e-01 1.163000000000000025e-07
7.500000000000000000e-01 5.999999999999999778e-01 1.165999999999999985e-07
7.500000000000000000e-01 6.750000000000000444e-01 1.172000000000000039e-07
7.500000000000000000e-01 7.500000000000000000e-01 1.170999999999999964e-07
8.000000000000000444e-01 2.399999999999999911e-01 5.404999999999999761e-08
8.000000000000000444e-01 3.200000000000000067e-01 7.629000000000000353e-08
8.000000000000000444e-01 4.000000000000000222e-01 7.991000000000000550e-08
8.000000000000000444e-01 4.799999999999999822e-01 8.100999999999999550e-08
8.000000000000000444e-01 5.600000000000000533e-01 8.146000000000000284e-08
8.000000000000000444e-01 6.400000000000000133e-01 8.188000000000000263e-08
8.000000000000000444e-01 7.199999999999999734e-01 8.232999999999999673e-08
8.000000000000000444e-01 8.000000000000000444e-01 8.224999999999999866e-08
