-4.000e+01 3.000e-01 4.793e-04
-3.000e+01 3.000e-01 3.713e-04
-2.000e+01 3.000e-01 2.717e-04
-1.000e+01 3.000e-01 1.871e-04
0.000e+00 3.000e-01 1.225e-04
1.000e+01 3.000e-01 7.767e-05
2.000e+01 3.000e-01 4.882e-05
3.000e+01 3.000e-01 3.085e-05
4.000e+01 3.000e-01 1.975e-05
5.000e+01 3.000e-01 1.289e-05
6.000e+01 3.000e-01 8.590e-06
7.000e+01 3.000e-01 5.850e-06
8.000e+01 3.000e-01 4.087e-06
9.000e+01 3.000e-01 2.881e-06
1.000e+02 3.000e-01 2.088e-06
-4.000e+01 4.000e-01 1.109e-03
-3.000e+01 4.000e-01 8.847e-04
-2.000e+01 4.000e-01 6.703e-04
-1.000e+01 4.000e-01 4.792e-04
0.000e+00 4.000e-01 3.252e-04
1.000e+01 4.000e-01 2.125e-04
2.000e+01 4.000e-01 1.364e-04
3.000e+01 4.000e-01 8.747e-05
4.000e+01 4.000e-01 5.661e-05
5.000e+01 4.000e-01 3.719e-05
6.000e+01 4.000e-01 2.491e-05
7.000e+01 4.000e-01 1.699e-05
8.000e+01 4.000e-01 1.182e-05
9.000e+01 4.000e-01 8.403e-06
1.000e+02 4.000e-01 6.068e-06
-4.000e+01 5.000e-01 1.490e-03
-3.000e+01 5.000e-01 1.211e-03
-2.000e+01 5.000e-01 9.394e-04
-1.000e+01 5.000e-01 6.905e-04
0.000e+00 5.000e-01 4.818e-04
1.000e+01 5.000e-01 3.230e-04
2.000e+01 5.000e-01 2.116e-04
3.000e+01 5.000e-01 1.377e-04
4.000e+01 5.000e-01 9.005e-05
5.000e+01 5.000e-01 5.961e-05
6.000e+01 5.000e-01 4.006e-05
7.000e+01 5.000e-01 2.744e-05
8.000e+01 5.000e-01 1.918e-05
9.000e+01 5.000e-01 1.361e-05
1.000e+02 5.000e-01 9.854e-06
-4.000e+01 6.000e-01 1.737e-03
-3.000e+01 6.000e-01 1.430e-03
-2.000e+01 6.000e-01 1.128e-03
-1.000e+01 6.000e-01 8.458e-04
0.000e+00 6.000e-01 6.027e-04
1.000e+01 6.000e-01 4.128e-04
2.000e+01 6.000e-01 2.756e-04
3.000e+01 6.000e-01 1.820e-04
4.000e+01 6.000e-01 1.203e-04
5.000e+01 6.000e-01 8.027e-05
6.000e+01 6.000e-01 5.421e-05
7.000e+01 6.000e-01 3.727e-05
8.000e+01 6.000e-01 2.620e-05
9.000e+01 6.000e-01 1.855e-05
1.000e+02 6.000e-01 1.343e-05
-4.000e+01 7.000e-01 1.907e-03
-3.000e+01 7.000e-01 1.583e-03
-2.000e+01 7.000e-01 1.263e-03
-1.000e+01 7.000e-01 9.601e-04
0.000e+00 7.000e-01 6.965e-04
1.000e+01 7.000e-01 4.861e-04
2.000e+01 7.000e-01 3.299e-04
3.000e+01 7.000e-01 2.208e-04
4.000e+01 7.000e-01 1.475e-04
5.000e+01 7.000e-01 9.923e-05
6.000e+01 7.000e-01 6.738e-05
7.000e+01 7.000e-01 4.649e-05
8.000e+01 7.000e-01 3.258e-05
9.000e+01 7.000e-01 2.336e-05
1.000e+02 7.000e-01 1.690e-05
-4.000e+01 8.000e-01 2.027e-03
-3.000e+01 8.000e-01 1.693e-03
-2.000e+01 8.000e-01 1.362e-03
-1.000e+01 8.000e-01 1.047e-03
0.000e+00 8.000e-01 7.702e-04
1.000e+01 8.000e-01 5.452e-04
2.000e+01 8.000e-01 3.756e-04
3.000e+01 8.000e-01 2.547e-04
4.000e+01 8.000e-01 1.719e-04
5.000e+01 8.000e-01 1.165e-04
6.000e+01 8.000e-01 7.966e-05
7.000e+01 8.000e-01 5.515e-05
8.000e+01 8.000e-01 3.880e-05
9.000e+01 8.000e-01 2.772e-05
1.000e+02 8.000e-01 2.019e-05
-4.000e+01 9.000e-01 2.116e-03
-3.000e+01 9.000e-01 1.776e-03
-2.000e+01 9.000e-01 1.437e-03
-1.000e+01 9.000e-01 1.115e-03
0.000e+00 9.000e-01 8.280e-04
1.000e+01 9.000e-01 5.937e-04
2.000e+01 9.000e-01 4.140e-04
3.000e+01 9.000e-01 2.840e-04
4.000e+01 9.000e-01 1.936e-04
5.000e+01 9.000e-01 1.322e-04
6.000e+01 9.000e-01 9.093e-05
7.000e+01 9.000e-01 6.334e-05
8.000e+01 9.000e-01 4.465e-05
9.000e+01 9.000e-01 3.200e-05
1.000e+02 9.000e-01 2.327e-05
-4.000e+01 1.000e+00 2.181e-03
-3.000e+01 1.000e+00 1.838e-03
-2.000e+01 1.000e+00 1.494e-03
-1.000e+01 1.000e+00 1.167e-03
0.000e+00 1.000e+00 8.742e-04
1.000e+01 1.000e+00 6.328e-04
2.000e+01 1.000e+00 4.462e-04
3.000e+01 1.000e+00 3.094e-04
4.000e+01 1.000e+00 2.129e-04
5.000e+01 1.000e+00 1.465e-04
6.000e+01 1.000e+00 1.014e-04
7.000e+01 1.000e+00 7.094e-05
8.000e+01 1.000e+00 5.023e-05
9.000e+01 1.000e+00 3.604e-05
1.000e+02 1.000e+00 2.625e-05
