-4.000e+01 3.000e-01 2.844e-04
-3.000e+01 3.000e-01 2.805e-04
-2.000e+01 3.000e-01 2.755e-04
-1.000e+01 3.000e-01 2.696e-04
0.000e+00 3.000e-01 2.629e-04
1.000e+01 3.000e-01 2.553e-04
2.000e+01 3.000e-01 2.471e-04
3.000e+01 3.000e-01 2.385e-04
4.000e+01 3.000e-01 2.297e-04
5.000e+01 3.000e-01 2.206e-04
6.000e+01 3.000e-01 2.116e-04
7.000e+01 3.000e-01 2.030e-04
8.000e+01 3.000e-01 1.950e-04
9.000e+01 3.000e-01 1.878e-04
1.000e+02 3.000e-01 1.815e-04
-4.000e+01 4.000e-01 6.374e-04
-3.000e+01 4.000e-01 6.304e-04
-2.000e+01 4.000e-01 6.215e-04
-1.000e+01 4.000e-01 6.108e-04
0.000e+00 4.000e-01 5.983e-04
1.000e+01 4.000e-01 5.845e-04
2.000e+01 4.000e-01 5.692e-04
3.000e+01 4.000e-01 5.530e-04
4.000e+01 4.000e-01 5.360e-04
5.000e+01 4.000e-01 5.184e-04
6.000e+01 4.000e-01 5.007e-04
7.000e+01 4.000e-01 4.829e-04
8.000e+01 4.000e-01 4.658e-04
9.000e+01 4.000e-01 4.496e-04
1.000e+02 4.000e-01 4.344e-04
-4.000e+01 5.000e-01 8.425e-04
-3.000e+01 5.000e-01 8.345e-04
-2.000e+01 5.000e-01 8.243e-04
-1.000e+01 5.000e-01 8.118e-04
0.000e+00 5.000e-01 7.975e-04
1.000e+01 5.000e-01 7.813e-04
2.000e+01 5.000e-01 7.634e-04
3.000e+01 5.000e-01 7.444e-04
4.000e+01 5.000e-01 7.242e-04
5.000e+01 5.000e-01 7.035e-04
6.000e+01 5.000e-01 6.822e-04
7.000e+01 5.000e-01 6.608e-04
8.000e+01 5.000e-01 6.399e-04
9.000e+01 5.000e-01 6.195e-04
1.000e+02 5.000e-01 6.005e-04
-4.000e+01 6.000e-01 9.730e-04
-3.000e+01 6.000e-01 9.645e-04
-2.000e+01 6.000e-01 9.537e-04
-1.000e+01 6.000e-01 9.407e-04
0.000e+00 6.000e-01 9.255e-04
1.000e+01 6.000e-01 9.083e-04
2.000e+01 6.000e-01 8.895e-04
3.000e+01 6.000e-01 8.692e-04
4.000e+01 6.000e-01 8.478e-04
5.000e+01 6.000e-01 8.255e-04
6.000e+01 6.000e-01 8.026e-04
7.000e+01 6.000e-01 7.797e-04
8.000e+01 6.000e-01 7.570e-04
9.000e+01 6.000e-01 7.348e-04
1.000e+02 6.000e-01 7.139e-04
-4.000e+01 7.000e-01 1.061e-03
-3.000e+01 7.000e-01 1.052e-03
-2.000e+01 7.000e-01 1.041e-03
-1.000e+01 7.000e-01 1.028e-03
0.000e+00 7.000e-01 1.012e-03
1.000e+01 7.000e-01 9.949e-04
2.000e+01 7.000e-01 9.755e-04
3.000e+01 7.000e-01 9.547e-04
4.000e+01 7.000e-01 9.326e-04
5.000e+01 7.000e-01 9.097e-04
6.000e+01 7.000e-01 8.860e-04
7.000e+01 7.000e-01 8.623e-04
8.000e+01 7.000e-01 8.388e-04
9.000e+01 7.000e-01 8.158e-04
1.000e+02 7.000e-01 7.937e-04
-4.000e+01 8.000e-01 1.123e-03
-3.000e+01 8.000e-01 1.114e-03
-2.000e+01 8.000e-01 1.103e-03
-1.000e+01 8.000e-01 1.090e-03
0.000e+00 8.000e-01 1.074e-03
1.000e+01 8.000e-01 1.056e-03
2.000e+01 8.000e-01 1.037e-03
3.000e+01 8.000e-01 1.016e-03
4.000e+01 8.000e-01 9.931e-04
5.000e+01 8.000e-01 9.699e-04
6.000e+01 8.000e-01 9.459e-04
7.000e+01 8.000e-01 9.216e-04
8.000e+01 8.000e-01 8.977e-04
9.000e+01 8.000e-01 8.743e-04
1.000e+02 8.000e-01 8.517e-04
-4.000e+01 9.000e-01 1.168e-03
-3.000e+01 9.000e-01 1.160e-03
-2.000e+01 9.000e-01 1.148e-03
-1.000e+01 9.000e-01 1.135e-03
0.000e+00 9.000e-01 1.119e-03
1.000e+01 9.000e-01 1.101e-03
2.000e+01 9.000e-01 1.081e-03
3.000e+01 9.000e-01 1.060e-03
4.000e+01 9.000e-01 1.038e-03
5.000e+01 9.000e-01 1.014e-03
6.000e+01 9.000e-01 9.899e-04
7.000e+01 9.000e-01 9.655e-04
8.000e+01 9.000e-01 9.412e-04
9.000e+01 9.000e-01 9.174e-04
1.000e+02 9.000e-01 8.948e-04
-4.000e+01 1.000e+00 1.202e-03
-3.000e+01 1.000e+00 1.193e-03
-2.000e+01 1.000e+00 1.182e-03
-1.000e+01 1.000e+00 1.168e-03
0.000e+00 1.000e+00 1.153e-03
1.000e+01 1.000e+00 1.135e-03
2.000e+01 1.000e+00 1.115e-03
3.000e+01 1.000e+00 1.094e-03
4.000e+01 1.000e+00 1.071e-03
5.000e+01 1.000e+00 1.047e-03
6.000e+01 1.000e+00 1.023e-03
7.000e+01 1.000e+00 9.984e-04
8.000e+01 1.000e+00 9.739e-04
9.000e+01 1.000e+00 9.502e-04
1.000e+02 1.000e+00 9.272e-04
