-4.000e+01 3.000e-01 2.775e-04
-3.000e+01 3.000e-01 2.624e-04
-2.000e+01 3.000e-01 2.371e-04
-1.000e+01 3.000e-01 2.010e-04
0.000e+00 3.000e-01 1.582e-04
1.000e+01 3.000e-01 1.161e-04
2.000e+01 3.000e-01 8.088e-05
3.000e+01 3.000e-01 5.462e-05
4.000e+01 3.000e-01 3.647e-05
5.000e+01 3.000e-01 2.446e-05
6.000e+01 3.000e-01 1.656e-05
7.000e+01 3.000e-01 1.134e-05
8.000e+01 3.000e-01 7.937e-06
9.000e+01 3.000e-01 5.647e-06
1.000e+02 3.000e-01 4.049e-06
-4.000e+01 4.000e-01 6.253e-04
-3.000e+01 4.000e-01 5.976e-04
-2.000e+01 4.000e-01 5.505e-04
-1.000e+01 4.000e-01 4.801e-04
0.000e+00 4.000e-01 3.923e-04
1.000e+01 4.000e-01 2.998e-04
2.000e+01 4.000e-01 2.165e-04
3.000e+01 4.000e-01 1.506e-04
4.000e+01 4.000e-01 1.029e-04
5.000e+01 4.000e-01 6.990e-05
6.000e+01 4.000e-01 4.781e-05
7.000e+01 4.000e-01 3.305e-05
8.000e+01 4.000e-01 2.315e-05
9.000e+01 4.000e-01 1.649e-05
1.000e+02 4.000e-01 1.192e-05
-4.000e+01 5.000e-01 8.296e-04
-3.000e+01 5.000e-01 7.978e-04
-2.000e+01 5.000e-01 7.415e-04
-1.000e+01 5.000e-01 6.578e-04
0.000e+00 5.000e-01 5.499e-04
1.000e+01 5.000e-01 4.321e-04
2.000e+01 5.000e-01 3.212e-04
3.000e+01 5.000e-01 2.296e-04
4.000e+01 5.000e-01 1.601e-04
5.000e+01 5.000e-01 1.106e-04
6.000e+01 5.000e-01 7.651e-05
7.000e+01 5.000e-01 5.331e-05
8.000e+01 5.000e-01 3.759e-05
9.000e+01 5.000e-01 2.686e-05
1.000e+02 5.000e-01 1.947e-05
-4.000e+01 6.000e-01 9.594e-04
-3.000e+01 6.000e-01 9.257e-04
-2.000e+01 6.000e-01 8.668e-04
-1.000e+01 6.000e-01 7.765e-04
0.000e+00 6.000e-01 6.596e-04
1.000e+01 6.000e-01 5.285e-04
2.000e+01 6.000e-01 4.018e-04
3.000e+01 6.000e-01 2.938e-04
4.000e+01 6.000e-01 2.089e-04
5.000e+01 6.000e-01 1.467e-04
6.000e+01 6.000e-01 1.026e-04
7.000e+01 6.000e-01 7.216e-05
8.000e+01 6.000e-01 5.119e-05
9.000e+01 6.000e-01 3.671e-05
1.000e+02 6.000e-01 2.669e-05
-4.000e+01 7.000e-01 1.048e-03
-3.000e+01 7.000e-01 1.013e-03
-2.000e+01 7.000e-01 9.522e-04
-1.000e+01 7.000e-01 8.594e-04
0.000e+00 7.000e-01 7.371e-04
1.000e+01 7.000e-01 5.988e-04
2.000e+01 7.000e-01 4.634e-04
3.000e+01 7.000e-01 3.452e-04
4.000e+01 7.000e-01 2.499e-04
5.000e+01 7.000e-01 1.781e-04
6.000e+01 7.000e-01 1.262e-04
7.000e+01 7.000e-01 8.951e-05
8.000e+01 7.000e-01 6.389e-05
9.000e+01 7.000e-01 4.619e-05
1.000e+02 7.000e-01 3.364e-05
-4.000e+01 8.000e-01 1.110e-03
-3.000e+01 8.000e-01 1.075e-03
-2.000e+01 8.000e-01 1.013e-03
-1.000e+01 8.000e-01 9.194e-04
0.000e+00 8.000e-01 7.941e-04
1.000e+01 8.000e-01 6.522e-04
2.000e+01 8.000e-01 5.115e-04
3.000e+01 8.000e-01 3.862e-04
4.000e+01 8.000e-01 2.839e-04
5.000e+01 8.000e-01 2.051e-04
6.000e+01 8.000e-01 1.471e-04
7.000e+01 8.000e-01 1.053e-04
8.000e+01 8.000e-01 7.574e-05
9.000e+01 8.000e-01 5.499e-05
1.000e+02 8.000e-01 4.025e-05
-4.000e+01 9.000e-01 1.156e-03
-3.000e+01 9.000e-01 1.121e-03
-2.000e+01 9.000e-01 1.057e-03
-1.000e+01 9.000e-01 9.633e-04
0.000e+00 9.000e-01 8.371e-04
1.000e+01 9.000e-01 6.928e-04
2.000e+01 9.000e-01 5.482e-04
3.000e+01 9.000e-01 4.191e-04
4.000e+01 9.000e-01 3.119e-04
5.000e+01 9.000e-01 2.283e-04
6.000e+01 9.000e-01 1.655e-04
7.000e+01 9.000e-01 1.196e-04
8.000e+01 9.000e-01 8.676e-05
9.000e+01 9.000e-01 6.323e-05
1.000e+02 9.000e-01 4.651e-05
-4.000e+01 1.000e+00 1.190e-03
-3.000e+01 1.000e+00 1.154e-03
-2.000e+01 1.000e+00 1.092e-03
-1.000e+01 1.000e+00 9.966e-04
0.000e+00 1.000e+00 8.690e-04
1.000e+01 1.000e+00 7.236e-04
2.000e+01 1.000e+00 5.773e-04
3.000e+01 1.000e+00 4.454e-04
4.000e+01 1.000e+00 3.351e-04
5.000e+01 1.000e+00 2.479e-04
6.000e+01 1.000e+00 1.815e-04
7.000e+01 1.000e+00 1.324e-04
8.000e+01 1.000e+00 9.662e-05
9.000e+01 1.000e+00 7.088e-05
1.000e+02 1.000e+00 5.239e-05
