-4.000e+01 3.000e-01 7.441e-05
-3.000e+01 3.000e-01 4.193e-05
-2.000e+01 3.000e-01 2.443e-05
-1.000e+01 3.000e-01 1.494e-05
0.000e+00 3.000e-01 9.465e-06
1.000e+01 3.000e-01 6.110e-06
2.000e+01 3.000e-01 4.131e-06
3.000e+01 3.000e-01 2.832e-06
4.000e+01 3.000e-01 2.014e-06
5.000e+01 3.000e-01 1.459e-06
6.000e+01 3.000e-01 1.069e-06
7.000e+01 3.000e-01 8.100e-07
8.000e+01 3.000e-01 6.223e-07
9.000e+01 3.000e-01 4.822e-07
1.000e+02 3.000e-01 3.769e-07
-4.000e+01 4.000e-01 1.221e-04
-3.000e+01 4.000e-01 6.985e-05
-2.000e+01 4.000e-01 4.146e-05
-1.000e+01 4.000e-01 2.566e-05
0.000e+00 4.000e-01 1.646e-05
1.000e+01 4.000e-01 1.095e-05
2.000e+01 4.000e-01 7.422e-06
3.000e+01 4.000e-01 5.220e-06
4.000e+01 4.000e-01 3.729e-06
5.000e+01 4.000e-01 2.746e-06
6.000e+01 4.000e-01 2.043e-06
7.000e+01 4.000e-01 1.563e-06
8.000e+01 4.000e-01 1.210e-06
9.000e+01 4.000e-01 9.488e-07
1.000e+02 4.000e-01 7.593e-07
-4.000e+01 5.000e-01 1.320e-04
-3.000e+01 5.000e-01 7.590e-05
-2.000e+01 5.000e-01 4.555e-05
-1.000e+01 5.000e-01 2.840e-05
0.000e+00 5.000e-01 1.832e-05
1.000e+01 5.000e-01 1.228e-05
2.000e+01 5.000e-01 8.438e-06
3.000e+01 5.000e-01 5.919e-06
4.000e+01 5.000e-01 4.304e-06
5.000e+01 5.000e-01 3.168e-06
6.000e+01 5.000e-01 2.396e-06
7.000e+01 5.000e-01 1.829e-06
8.000e+01 5.000e-01 1.434e-06
9.000e+01 5.000e-01 1.128e-06
1.000e+02 5.000e-01 9.103e-07
-4.000e+01 6.000e-01 1.341e-04
-3.000e+01 6.000e-01 7.754e-05
-2.000e+01 6.000e-01 4.649e-05
-1.000e+01 6.000e-01 2.916e-05
0.000e+00 6.000e-01 1.898e-05
1.000e+01 6.000e-01 1.271e-05
2.000e+01 6.000e-01 8.734e-06
3.000e+01 6.000e-01 6.178e-06
4.000e+01 6.000e-01 4.501e-06
5.000e+01 6.000e-01 3.331e-06
6.000e+01 6.000e-01 2.518e-06
7.000e+01 6.000e-01 1.943e-06
8.000e+01 6.000e-01 1.519e-06
9.000e+01 6.000e-01 1.208e-06
1.000e+02 6.000e-01 9.729e-07
-4.000e+01 7.000e-01 1.348e-04
-3.000e+01 7.000e-01 7.771e-05
-2.000e+01 7.000e-01 4.694e-05
-1.000e+01 7.000e-01 2.937e-05
0.000e+00 7.000e-01 1.906e-05
1.000e+01 7.000e-01 1.284e-05
2.000e+01 7.000e-01 8.876e-06
3.000e+01 7.000e-01 6.284e-06
4.000e+01 7.000e-01 4.547e-06
5.000e+01 7.000e-01 3.399e-06
6.000e+01 7.000e-01 2.575e-06
7.000e+01 7.000e-01 1.979e-06
8.000e+01 7.000e-01 1.561e-06
9.000e+01 7.000e-01 1.238e-06
1.000e+02 7.000e-01 1.002e-06
-4.000e+01 8.000e-01 1.348e-04
-3.000e+01 8.000e-01 7.811e-05
-2.000e+01 8.000e-01 4.714e-05
-1.000e+01 8.000e-01 2.955e-05
0.000e+00 8.000e-01 1.923e-05
1.000e+01 8.000e-01 1.289e-05
2.000e+01 8.000e-01 8.901e-06
3.000e+01 8.000e-01 6.305e-06
4.000e+01 8.000e-01 4.581e-06
5.000e+01 8.000e-01 3.423e-06
6.000e+01 8.000e-01 2.602e-06
7.000e+01 8.000e-01 2.006e-06
8.000e+01 8.000e-01 1.572e-06
9.000e+01 8.000e-01 1.259e-06
1.000e+02 8.000e-01 1.013e-06
-4.000e+01 9.000e-01 1.348e-04
-3.000e+01 9.000e-01 7.802e-05
-2.000e+01 9.000e-01 4.719e-05
-1.000e+01 9.000e-01 2.963e-05
0.000e+00 9.000e-01 1.917e-05
1.000e+01 9.000e-01 1.294e-05
2.000e+01 9.000e-01 8.948e-06
3.000e+01 9.000e-01 6.357e-06
4.000e+01 9.000e-01 4.626e-06
5.000e+01 9.000e-01 3.436e-06
6.000e+01 9.000e-01 2.598e-06
7.000e+01 9.000e-01 2.016e-06
8.000e+01 9.000e-01 1.589e-06
9.000e+01 9.000e-01 1.265e-06
1.000e+02 9.000e-01 1.021e-06
-4.000e+01 1.000e+00 1.349e-04
-3.000e+01 1.000e+00 7.818e-05
-2.000e+01 1.000e+00 4.712e-05
-1.000e+01 1.000e+00 2.948e-05
0.000e+00 1.000e+00 1.921e-05
1.000e+01 1.000e+00 1.293e-05
2.000e+01 1.000e+00 8.953e-06
3.000e+01 1.000e+00 6.363e-06
4.000e+01 1.000e+00 4.631e-06
5.000e+01 1.000e+00 3.442e-06
6.000e+01 1.000e+00 2.606e-06
7.000e+01 1.000e+00 2.019e-06
8.000e+01 1.000e+00 1.594e-06
9.000e+01 1.000e+00 1.273e-06
1.000e+02 1.000e+00 1.025e-06
