-4.000e+01 3.000e-01 2.081e-04
-3.000e+01 3.000e-01 1.571e-04
-2.000e+01 3.000e-01 1.075e-04
-1.000e+01 3.000e-01 6.876e-05
0.000e+00 3.000e-01 4.257e-05
1.000e+01 3.000e-01 2.621e-05
2.000e+01 3.000e-01 1.640e-05
3.000e+01 3.000e-01 1.042e-05
4.000e+01 3.000e-01 6.807e-06
5.000e+01 3.000e-01 4.550e-06
6.000e+01 3.000e-01 3.043e-06
7.000e+01 3.000e-01 2.147e-06
8.000e+01 3.000e-01 1.532e-06
9.000e+01 3.000e-01 1.090e-06
1.000e+02 3.000e-01 8.071e-07
-4.000e+01 4.000e-01 4.664e-04
-3.000e+01 4.000e-01 3.546e-04
-2.000e+01 4.000e-01 2.450e-04
-1.000e+01 4.000e-01 1.583e-04
0.000e+00 4.000e-01 9.908e-05
1.000e+01 4.000e-01 6.175e-05
2.000e+01 4.000e-01 3.879e-05
3.000e+01 4.000e-01 2.481e-05
4.000e+01 4.000e-01 1.615e-05
5.000e+01 4.000e-01 1.088e-05
6.000e+01 4.000e-01 7.440e-06
7.000e+01 4.000e-01 5.186e-06
8.000e+01 4.000e-01 3.710e-06
9.000e+01 4.000e-01 2.691e-06
1.000e+02 4.000e-01 1.980e-06
-4.000e+01 5.000e-01 6.110e-04
-3.000e+01 5.000e-01 4.646e-04
-2.000e+01 5.000e-01 3.217e-04
-1.000e+01 5.000e-01 2.088e-04
0.000e+00 5.000e-01 1.314e-04
1.000e+01 5.000e-01 8.219e-05
2.000e+01 5.000e-01 5.206e-05
3.000e+01 5.000e-01 3.342e-05
4.000e+01 5.000e-01 2.192e-05
5.000e+01 5.000e-01 1.475e-05
6.000e+01 5.000e-01 1.017e-05
7.000e+01 5.000e-01 7.115e-06
8.000e+01 5.000e-01 5.067e-06
9.000e+01 5.000e-01 3.685e-06
1.000e+02 5.000e-01 2.709e-06
-4.000e+01 6.000e-01 6.957e-04
-3.000e+01 6.000e-01 5.274e-04
-2.000e+01 6.000e-01 3.650e-04
-1.000e+01 6.000e-01 2.371e-04
0.000e+00 6.000e-01 1.496e-04
1.000e+01 6.000e-01 9.400e-05
2.000e+01 6.000e-01 5.962e-05
3.000e+01 6.000e-01 3.846e-05
4.000e+01 6.000e-01 2.533e-05
5.000e+01 6.000e-01 1.708e-05
6.000e+01 6.000e-01 1.174e-05
7.000e+01 6.000e-01 8.215e-06
8.000e+01 6.000e-01 5.839e-06
9.000e+01 6.000e-01 4.197e-06
1.000e+02 6.000e-01 3.066e-06
-4.000e+01 7.000e-01 7.452e-04
-3.000e+01 7.000e-01 5.627e-04
-2.000e+01 7.000e-01 3.886e-04
-1.000e+01 7.000e-01 2.523e-04
0.000e+00 7.000e-01 1.592e-04
1.000e+01 7.000e-01 1.002e-04
2.000e+01 7.000e-01 6.352e-05
3.000e+01 7.000e-01 4.096e-05
4.000e+01 7.000e-01 2.697e-05
5.000e+01 7.000e-01 1.805e-05
6.000e+01 7.000e-01 1.236e-05
7.000e+01 7.000e-01 8.609e-06
8.000e+01 7.000e-01 6.054e-06
9.000e+01 7.000e-01 4.340e-06
1.000e+02 7.000e-01 3.152e-06
-4.000e+01 8.000e-01 7.723e-04
-3.000e+01 8.000e-01 5.807e-04
-2.000e+01 8.000e-01 3.998e-04
-1.000e+01 8.000e-01 2.592e-04
0.000e+00 8.000e-01 1.633e-04
1.000e+01 8.000e-01 1.023e-04
2.000e+01 8.000e-01 6.475e-05
3.000e+01 8.000e-01 4.171e-05
4.000e+01 8.000e-01 2.733e-05
5.000e+01 8.000e-01 1.830e-05
6.000e+01 8.000e-01 1.246e-05
7.000e+01 8.000e-01 8.661e-06
8.000e+01 8.000e-01 6.107e-06
9.000e+01 8.000e-01 4.354e-06
1.000e+02 8.000e-01 3.157e-06
-4.000e+01 9.000e-01 7.826e-04
-3.000e+01 9.000e-01 5.863e-04
-2.000e+01 9.000e-01 4.026e-04
-1.000e+01 9.000e-01 2.605e-04
0.000e+00 9.000e-01 1.639e-04
1.000e+01 9.000e-01 1.027e-04
2.000e+01 9.000e-01 6.500e-05
3.000e+01 9.000e-01 4.182e-05
4.000e+01 9.000e-01 2.731e-05
5.000e+01 9.000e-01 1.831e-05
6.000e+01 9.000e-01 1.242e-05
7.000e+01 9.000e-01 8.661e-06
8.000e+01 9.000e-01 6.096e-06
9.000e+01 9.000e-01 4.369e-06
1.000e+02 9.000e-01 3.158e-06
-4.000e+01 1.000e+00 7.835e-04
-3.000e+01 1.000e+00 5.866e-04
-2.000e+01 1.000e+00 4.029e-04
-1.000e+01 1.000e+00 2.606e-04
0.000e+00 1.000e+00 1.639e-04
1.000e+01 1.000e+00 1.028e-04
2.000e+01 1.000e+00 6.500e-05
3.000e+01 1.000e+00 4.178e-05
4.000e+01 1.000e+00 2.737e-05
5.000e+01 1.000e+00 1.825e-05
6.000e+01 1.000e+00 1.248e-05
7.000e+01 1.000e+00 8.672e-06
8.000e+01 1.000e+00 6.108e-06
9.000e+01 1.000e+00 4.346e-06
1.000e+02 1.000e+00 3.148e-06
