-4.000e+01 3.000e-01 2.645e-04
-3.000e+01 3.000e-01 2.370e-04
-2.000e+01 3.000e-01 1.967e-04
-1.000e+01 3.000e-01 1.494e-04
0.000e+00 3.000e-01 1.047e-04
1.000e+01 3.000e-01 6.945e-05
2.000e+01 3.000e-01 4.486e-05
3.000e+01 3.000e-01 2.878e-05
4.000e+01 3.000e-01 1.863e-05
5.000e+01 3.000e-01 1.224e-05
6.000e+01 3.000e-01 8.222e-06
7.000e+01 3.000e-01 5.640e-06
8.000e+01 3.000e-01 3.912e-06
9.000e+01 3.000e-01 2.761e-06
1.000e+02 3.000e-01 2.003e-06
-4.000e+01 4.000e-01 6.003e-04
-3.000e+01 4.000e-01 5.486e-04
-2.000e+01 4.000e-01 4.694e-04
-1.000e+01 4.000e-01 3.706e-04
0.000e+00 4.000e-01 2.707e-04
1.000e+01 4.000e-01 1.862e-04
2.000e+01 4.000e-01 1.236e-04
3.000e+01 4.000e-01 8.086e-05
4.000e+01 4.000e-01 5.298e-05
5.000e+01 4.000e-01 3.515e-05
6.000e+01 4.000e-01 2.360e-05
7.000e+01 4.000e-01 1.620e-05
8.000e+01 4.000e-01 1.130e-05
9.000e+01 4.000e-01 8.132e-06
1.000e+02 4.000e-01 5.826e-06
-4.000e+01 5.000e-01 7.992e-04
-3.000e+01 5.000e-01 7.382e-04
-2.000e+01 5.000e-01 6.429e-04
-1.000e+01 5.000e-01 5.208e-04
0.000e+00 5.000e-01 3.920e-04
1.000e+01 5.000e-01 2.776e-04
2.000e+01 5.000e-01 1.889e-04
3.000e+01 5.000e-01 1.260e-04
4.000e+01 5.000e-01 8.364e-05
5.000e+01 5.000e-01 5.592e-05
6.000e+01 5.000e-01 3.784e-05
7.000e+01 5.000e-01 2.606e-05
8.000e+01 5.000e-01 1.824e-05
9.000e+01 5.000e-01 1.302e-05
1.000e+02 5.000e-01 9.425e-06
-4.000e+01 6.000e-01 9.269e-04
-3.000e+01 6.000e-01 8.618e-04
-2.000e+01 6.000e-01 7.593e-04
-1.000e+01 6.000e-01 6.256e-04
0.000e+00 6.000e-01 4.810e-04
1.000e+01 6.000e-01 3.487e-04
2.000e+01 6.000e-01 2.425e-04
3.000e+01 6.000e-01 1.646e-04
4.000e+01 6.000e-01 1.108e-04
5.000e+01 6.000e-01 7.476e-05
6.000e+01 6.000e-01 5.095e-05
7.000e+01 6.000e-01 3.522e-05
8.000e+01 6.000e-01 2.478e-05
9.000e+01 6.000e-01 1.766e-05
1.000e+02 6.000e-01 1.284e-05
-4.000e+01 7.000e-01 1.014e-03
-3.000e+01 7.000e-01 9.465e-04
-2.000e+01 7.000e-01 8.402e-04
-1.000e+01 7.000e-01 7.005e-04
0.000e+00 7.000e-01 5.473e-04
1.000e+01 7.000e-01 4.042e-04
2.000e+01 7.000e-01 2.862e-04
3.000e+01 7.000e-01 1.975e-04
4.000e+01 7.000e-01 1.346e-04
5.000e+01 7.000e-01 9.180e-05
6.000e+01 7.000e-01 6.300e-05
7.000e+01 7.000e-01 4.376e-05
8.000e+01 7.000e-01 3.086e-05
9.000e+01 7.000e-01 2.210e-05
1.000e+02 7.000e-01 1.605e-05
-4.000e+01 8.000e-01 1.075e-03
-3.000e+01 8.000e-01 1.007e-03
-2.000e+01 8.000e-01 8.987e-04
-1.000e+01 8.000e-01 7.556e-04
0.000e+00 8.000e-01 5.973e-04
1.000e+01 8.000e-01 4.474e-04
2.000e+01 8.000e-01 3.217e-04
3.000e+01 8.000e-01 2.252e-04
4.000e+01 8.000e-01 1.555e-04
5.000e+01 8.000e-01 1.071e-04
6.000e+01 8.000e-01 7.399e-05
7.000e+01 8.000e-01 5.169e-05
8.000e+01 8.000e-01 3.654e-05
9.000e+01 8.000e-01 2.624e-05
1.000e+02 8.000e-01 1.910e-05
-4.000e+01 9.000e-01 1.120e-03
-3.000e+01 9.000e-01 1.051e-03
-2.000e+01 9.000e-01 9.418e-04
-1.000e+01 9.000e-01 7.968e-04
0.000e+00 9.000e-01 6.355e-04
1.000e+01 9.000e-01 4.814e-04
2.000e+01 9.000e-01 3.506e-04
3.000e+01 9.000e-01 2.485e-04
4.000e+01 9.000e-01 1.735e-04
5.000e+01 9.000e-01 1.207e-04
6.000e+01 9.000e-01 8.403e-05
7.000e+01 9.000e-01 5.903e-05
8.000e+01 9.000e-01 4.191e-05
9.000e+01 9.000e-01 3.029e-05
1.000e+02 9.000e-01 2.209e-05
-4.000e+01 1.000e+00 1.153e-03
-3.000e+01 1.000e+00 1.084e-03
-2.000e+01 1.000e+00 9.743e-04
-1.000e+01 1.000e+00 8.282e-04
0.000e+00 1.000e+00 6.650e-04
1.000e+01 1.000e+00 5.082e-04
2.000e+01 1.000e+00 3.740e-04
3.000e+01 1.000e+00 2.680e-04
4.000e+01 1.000e+00 1.891e-04
5.000e+01 1.000e+00 1.327e-04
6.000e+01 1.000e+00 9.310e-05
7.000e+01 1.000e+00 6.577e-05
8.000e+01 1.000e+00 4.691e-05
9.000e+01 1.000e+00 3.389e-05
1.000e+02 1.000e+00 2.477e-05
