-4.000e+01 3.000e-01 5.021e-07
-3.000e+01 3.000e-01 3.266e-07
-2.000e+01 3.000e-01 2.210e-07
-1.000e+01 3.000e-01 1.540e-07
0.000e+00 3.000e-01 1.111e-07
1.000e+01 3.000e-01 8.149e-08
2.000e+01 3.000e-01 6.147e-08
3.000e+01 3.000e-01 4.714e-08
4.000e+01 3.000e-01 3.708e-08
5.000e+01 3.000e-01 2.970e-08
6.000e+01 3.000e-01 2.378e-08
7.000e+01 3.000e-01 1.961e-08
8.000e+01 3.000e-01 1.622e-08
9.000e+01 3.000e-01 1.356e-08
1.000e+02 3.000e-01 1.156e-08
-4.000e+01 4.000e-01 6.357e-07
-3.000e+01 4.000e-01 4.230e-07
-2.000e+01 4.000e-01 2.916e-07
-1.000e+01 4.000e-01 2.075e-07
0.000e+00 4.000e-01 1.518e-07
1.000e+01 4.000e-01 1.138e-07
2.000e+01 4.000e-01 8.700e-08
3.000e+01 4.000e-01 6.845e-08
4.000e+01 4.000e-01 5.459e-08
5.000e+01 4.000e-01 4.400e-08
6.000e+01 4.000e-01 3.625e-08
7.000e+01 4.000e-01 3.017e-08
8.000e+01 4.000e-01 2.532e-08
9.000e+01 4.000e-01 2.162e-08
1.000e+02 4.000e-01 1.849e-08
-4.000e+01 5.000e-01 6.478e-07
-3.000e+01 5.000e-01 4.290e-07
-2.000e+01 5.000e-01 2.982e-07
-1.000e+01 5.000e-01 2.133e-07
0.000e+00 5.000e-01 1.569e-07
1.000e+01 5.000e-01 1.183e-07
2.000e+01 5.000e-01 9.120e-08
3.000e+01 5.000e-01 7.170e-08
4.000e+01 5.000e-01 5.730e-08
5.000e+01 5.000e-01 4.653e-08
6.000e+01 5.000e-01 3.858e-08
7.000e+01 5.000e-01 3.229e-08
8.000e+01 5.000e-01 2.718e-08
9.000e+01 5.000e-01 2.338e-08
1.000e+02 5.000e-01 2.013e-08
-4.000e+01 6.000e-01 6.501e-07
-3.000e+01 6.000e-01 4.319e-07
-2.000e+01 6.000e-01 2.990e-07
-1.000e+01 6.000e-01 2.145e-07
0.000e+00 6.000e-01 1.580e-07
1.000e+01 6.000e-01 1.193e-07
2.000e+01 6.000e-01 9.213e-08
3.000e+01 6.000e-01 7.262e-08
4.000e+01 6.000e-01 5.822e-08
5.000e+01 6.000e-01 4.734e-08
6.000e+01 6.000e-01 3.912e-08
7.000e+01 6.000e-01 3.294e-08
8.000e+01 6.000e-01 2.792e-08
9.000e+01 6.000e-01 2.387e-08
1.000e+02 6.000e-01 2.077e-08
-4.000e+01 7.000e-01 6.477e-07
-3.000e+01 7.000e-01 4.332e-07
-2.000e+01 7.000e-01 3.006e-07
-1.000e+01 7.000e-01 2.147e-07
0.000e+00 7.000e-01 1.578e-07
1.000e+01 7.000e-01 1.191e-07
2.000e+01 7.000e-01 9.218e-08
3.000e+01 7.000e-01 7.288e-08
4.000e+01 7.000e-01 5.864e-08
5.000e+01 7.000e-01 4.787e-08
6.000e+01 7.000e-01 3.954e-08
7.000e+01 7.000e-01 3.316e-08
8.000e+01 7.000e-01 2.831e-08
9.000e+01 7.000e-01 2.419e-08
1.000e+02 7.000e-01 2.111e-08
-4.000e+01 8.000e-01 6.502e-07
-3.000e+01 8.000e-01 4.321e-07
-2.000e+01 8.000e-01 3.008e-07
-1.000e+01 8.000e-01 2.153e-07
0.000e+00 8.000e-01 1.585e-07
1.000e+01 8.000e-01 1.197e-07
2.000e+01 8.000e-01 9.268e-08
3.000e+01 8.000e-01 7.324e-08
4.000e+01 8.000e-01 5.890e-08
5.000e+01 8.000e-01 4.804e-08
6.000e+01 8.000e-01 3.964e-08
7.000e+01 8.000e-01 3.349e-08
8.000e+01 8.000e-01 2.852e-08
9.000e+01 8.000e-01 2.436e-08
1.000e+02 8.000e-01 2.133e-08
-4.000e+01 9.000e-01 6.469e-07
-3.000e+01 9.000e-01 4.348e-07
-2.000e+01 9.000e-01 3.004e-07
-1.000e+01 9.000e-01 2.139e-07
0.000e+00 9.000e-01 1.577e-07
1.000e+01 9.000e-01 1.194e-07
2.000e+01 9.000e-01 9.231e-08
3.000e+01 9.000e-01 7.287e-08
4.000e+01 9.000e-01 5.888e-08
5.000e+01 9.000e-01 4.826e-08
6.000e+01 9.000e-01 4.002e-08
7.000e+01 9.000e-01 3.349e-08
8.000e+01 9.000e-01 2.861e-08
9.000e+01 9.000e-01 2.467e-08
1.000e+02 9.000e-01 2.131e-08
-4.000e+01 1.000e+00 6.498e-07
-3.000e+01 1.000e+00 4.327e-07
-2.000e+01 1.000e+00 3.012e-07
-1.000e+01 1.000e+00 2.156e-07
0.000e+00 1.000e+00 1.588e-07
1.000e+01 1.000e+00 1.200e-07
2.000e+01 1.000e+00 9.296e-08
3.000e+01 1.000e+00 7.351e-08
4.000e+01 1.000e+00 5.911e-08
5.000e+01 1.000e+00 4.820e-08
6.000e+01 1.000e+00 3.988e-08
7.000e+01 1.000e+00 3.373e-08
8.000e+01 1.000e+00 2.873e-08
9.000e+01 1.000e+00 2.462e-08
1.000e+02 1.000e+00 2.158e-08
