0.4 0.12 0.00858351
0.4 0.16 0.0222634
0.4 0.2 0.0329707
0.4 0.24 0.041769
0.4 0.28 0.0492378
0.4 0.32 0.0557275
0.4 0.36 0.0614647
0.4 0.4 0.0666062
0.45 0.135 0.00862887
0.45 0.18 0.022369
0.45 0.225 0.0331131
0.45 0.27 0.0419366
0.45 0.315 0.0494244
0.45 0.36 0.0559279
0.45 0.405 0.0616761
0.45 0.45 0.0668264
0.5 0.15 0.0086663
0.5 0.2 0.0224555
0.5 0.25 0.0332292
0.5 0.3 0.0420736
0.5 0.35 0.0495763
0.5 0.4 0.056091
0.5 0.45 0.0618481
0.5 0.5 0.0670054
0.55 0.165 0.00869763
0.55 0.22 0.0225272
0.55 0.275 0.0333257
0.55 0.33 0.0421875
0.55 0.385 0.0497023
0.55 0.44 0.0562263
0.55 0.495 0.0619905
0.55 0.55 0.0671536
0.6 0.18 0.0087244
0.6 0.24 0.0225875
0.6 0.3 0.0334073
0.6 0.36 0.0422833
0.6 0.42 0.0498084
0.6 0.48 0.0563401
0.6 0.54 0.0621103
0.6 0.6 0.0672782
0.65 0.195 0.00874732
0.65 0.26 0.0226391
0.65 0.325 0.0334772
0.65 0.39 0.0423651
0.65 0.455 0.0498989
0.65 0.52 0.0564371
0.65 0.585 0.0622124
0.65 0.65 0.0673843
0.7 0.21 0.00876666
0.7 0.28 0.0226834
0.7 0.35 0.033537
0.7 0.42 0.0424354
0.7 0.49 0.0499766
0.7 0.56 0.0565204
0.7 0.63 0.0623001
0.7 0.7 0.0674755
0.75 0.225 0.00878356
0.75 0.3 0.0227224
0.75 0.375 0.0335895
0.75 0.45 0.0424969
0.75 0.525 0.0500446
0.75 0.6 0.0565932
0.75 0.675 0.0623767
0.75 0.75 0.0675551
0.8 0.24 0.00879828
0.8 0.32 0.0227568
0.8 0.4 0.0336355
0.8 0.48 0.0425508
0.8 0.56 0.0501042
0.8 0.64 0.0566571
0.8 0.72 0.0624439
0.8 0.8 0.067625
