5.333758645572559089e+02
-6.333674130030997276e+02
-5.593487422483368476e+01
6.851654258747278448e+01
1.459542669346639627e+02
-7.321430486720279518e+00
2.457998960550240586e+00
-1.476953155249344007e+01
-1.209133554773564967e+01
1.366368198956570801e+00
-5.301610964290470740e-01
-1.717908710854680263e-02
9.870697524345686258e-01
4.235312488762006944e-01
-7.120294496379481197e-02
2.303268527385967865e-02
1.923747514262076630e-02
-5.257553677977089279e-03
-2.110111575440853926e-02
-5.170427446159919782e-03
1.244641218249853409e-03
